1.00 1.00   3  10  30   5  15 0.10 	   29    24   264   115   149	43.56	10000.00	  817.58	-91.82%
1.00 1.00   3  10  30   5  15 0.10 	   29    24     7     1     6	14.29	10000.00	 5537.74	-44.62%
1.00 1.00   3  10  30   5  15 0.10 	   29    24    71    40    31	56.34	10000.00	17968.68	+79.69%
1.00 1.00   3  10  30   5  15 0.10 	   29    24    12     2    10	16.67	10000.00	 4519.78	-54.80%
1.00 1.00   3  10  30   5  15 0.10 	   29    24    23     5    18	21.74	10000.00	 2919.37	-70.81%
1.00 1.00   3  10  30   5  15 0.10 	   29    24    22     4    18	18.18	10000.00	 2364.73	-76.35%
1.00 1.00   3  10  30   5  15 0.10 	   29    24   198    86   112	43.43	10000.00	 1509.72	-84.90%
1.00 1.00   3  10  30   5  15 0.10 	   29    24    98    50    48	51.02	10000.00	22919.58	+129.20%
1.00 1.00   3  10  30   5  15 0.10 	   29    24    15     4    11	26.67	10000.00	 4263.76	-57.36%
1.00 1.00   3  10  30   5  15 0.10 	   29    24    46    19    27	41.30	10000.00	 6541.55	-34.58%
1.00 1.00   3  10  30   5  15 0.10 	   29    24     5     0     5	0.00	10000.00	 6083.11	-39.17%
1.00 1.00   3  10  30   5  15 0.10 	   29    24    19     5    14	26.32	10000.00	 2946.56	-70.53%
1.00 1.00   3  10  30   5  15 0.10 	   29    24    12     2    10	16.67	10000.00	 4460.44	-55.40%
1.00 1.00   3  10  30   5  15 0.10 	   29    24    46    17    29	36.96	10000.00	 4148.96	-58.51%
1.00 1.00   3  10  30   5  15 0.10 	   29    24     6     0     6	0.00	10000.00	 5295.77	-47.04%
1.00 1.00   3  10  30   5  15 0.10 	   29    24   148    72    76	48.65	10000.00	10246.41	 +2.46%
1.00 1.00   3  10  30   5  15 0.10 	   29    24    47    20    27	42.55	10000.00	 5585.60	-44.14%
1.00 1.00   3  10  30   5  15 0.10 	   29    24     5     0     5	0.00	10000.00	 6083.11	-39.17%
1.00 1.00   3  10  30   5  15 0.10 	   29    24     6     0     6	0.00	10000.00	 5334.78	-46.65%
1.00 1.00   3  10  30   5  15 0.10 	   29    24   158    74    84	46.84	10000.00	 6622.07	-33.78%
1.00 1.00   3  10  30   5  15 0.10 	   29    24   130    72    58	55.38	10000.00	18663.94	+86.64%
1.00 1.00   3  10  30   5  15 0.10 	   29    24    12     2    10	16.67	10000.00	 4519.78	-54.80%
1.00 1.00   3  10  30   5  15 0.10 	   29    24    24     7    17	29.17	10000.00	 3100.69	-68.99%
1.00 1.00   3  10  30   5  15 0.10 	   29    24    16     6    10	37.50	10000.00	 5018.90	-49.81%
1.00 1.00   3  10  30   5  15 0.10 	   29    24   110    49    61	44.55	10000.00	 4544.73	-54.55%
1.00 1.00   3  10  30   5  15 0.10 	   29    24   203    94   109	46.31	10000.00	 8041.08	-19.59%
1.00 1.00   3  10  30   5  15 0.10 	   29    24    17     5    12	29.41	10000.00	 3474.01	-65.26%
1.00 1.00   3  10  30   5  15 0.10 	   29    24    10     1     9	10.00	10000.00	 4965.77	-50.34%
1.00 1.00   3  10  30   5  15 0.10 	   29    24    51    19    32	37.25	10000.00	 1900.23	-81.00%
1.00 1.00   3  10  30   5  15 0.10 	   29    23    20     3    17	15.00	10000.00	 2837.14	-71.63%
1.00 1.00   3  10  30   5  15 0.10 	   29    24     5     0     5	0.00	10000.00	 6003.47	-39.97%
1.00 1.00   3  10  30   5  15 0.10 	   29    24    22     5    17	22.73	10000.00	 3223.98	-67.76%
1.00 1.00   3  10  30   5  15 0.10 	   29    24   228   100   128	43.86	10000.00	 2136.65	-78.63%
1.00 1.00   3  10  30   5  15 0.10 	   29    24    97    51    46	52.58	10000.00	28133.21	+181.33%
1.00 1.00   3  10  30   5  15 0.10 	   29    24    19     3    16	15.79	10000.00	 2991.18	-70.09%
1.00 1.00   3  10  30   5  15 0.10 	   29    24   167    77    90	46.11	10000.00	 8101.83	-18.98%
1.00 1.00   3  10  30   5  15 0.10 	   29    24     6     0     6	0.00	10000.00	 5366.02	-46.34%
1.00 1.00   3  10  30   5  15 0.10 	   29    24   144    62    82	43.06	10000.00	 2845.64	-71.54%
1.00 1.00   3  10  30   5  15 0.10 	   29    24     5     0     5	0.00	10000.00	 6003.47	-39.97%
1.00 1.00   3  10  30   5  15 0.10 	   29    22   209    87   122	41.63	10000.00	 1927.49	-80.73%
1.00 1.00   3  10  30   5  15 0.10 	   29    24     6     0     6	0.00	10000.00	 5366.02	-46.34%
1.00 1.00   3  10  30   5  15 0.10 	   29    24    64    28    36	43.75	10000.00	 5100.30	-49.00%
1.00 1.00   3  10  30   5  15 0.10 	   29    24   224   103   121	45.98	10000.00	 3927.16	-60.73%
1.00 1.00   3  10  30   5  15 0.10 	   29    24    41    19    22	46.34	10000.00	 5901.17	-40.99%
1.00 1.00   3  10  30   5  15 0.10 	   29    23   218   103   115	47.25	10000.00	 4177.73	-58.22%
1.00 1.00   3  10  30   5  15 0.10 	   29    24     8     1     7	12.50	10000.00	 4867.58	-51.32%
1.00 1.00   3  10  30   5  15 0.10 	   29    24    21     4    17	19.05	10000.00	 3185.32	-68.15%
1.00 1.00   3  10  30   5  15 0.10 	   29    24    76    42    34	55.26	10000.00	16867.45	+68.67%
1.00 1.00   3  10  30   5  15 0.10 	   29    24     7     1     6	14.29	10000.00	 5537.74	-44.62%
1.00 1.00   3  10  30   5  15 0.10 	   29    24     8     0     8	0.00	10000.00	 5298.58	-47.01%
1.00 1.00   3  10  30   5  15 0.10 	   29    24   264   115   149	43.56	10000.00	  817.58	-91.82%
1.00 1.00   3  10  30   5  15 0.10 	   29    24   264   115   149	43.56	10000.00	  817.58	-91.82%
1.00 1.00   3  10  30   5  15 0.10 	   29    24   171    80    91	46.78	10000.00	 9154.39	 -8.46%
1.00 1.00   3  10  30   5  15 0.10 	   29    24     4     0     4	0.00	10000.00	 6459.67	-35.40%
1.00 1.00   3  10  30   5  15 0.10 	   29    24   252   113   139	44.84	10000.00	 1857.98	-81.42%
1.00 1.00   3  10  30   5  15 0.10 	   29    24    32    11    21	34.38	10000.00	 3131.66	-68.68%
1.00 1.00   3  10  30   5  15 0.10 	   29    24   252   113   139	44.84	10000.00	 1033.31	-89.67%
1.00 1.00   3  10  30   5  15 0.10 	   29    24    32    11    21	34.38	10000.00	 2745.30	-72.55%
1.00 1.00   3  10  30   5  15 0.10 	   29    24     9     2     7	22.22	10000.00	 5130.82	-48.69%
1.00 1.00   3  10  30   5  15 0.10 	   29    24    23     5    18	21.74	10000.00	 2907.28	-70.93%
1.00 1.00   3  10  30   5  15 0.10 	   29    24    94    44    50	46.81	10000.00	 6990.35	-30.10%
1.00 1.00   3  10  30   5  15 0.10 	   29    24    17     5    12	29.41	10000.00	 4157.37	-58.43%
1.00 1.00   3  10  30   5  15 0.10 	   29    24    26    13    13	50.00	10000.00	 6772.24	-32.28%
1.00 1.00   3  10  30   5  15 0.10 	   29    24    23     5    18	21.74	10000.00	 2955.71	-70.44%
1.00 1.00   3  10  30   5  15 0.10 	   29    24    23     5    18	21.74	10000.00	 2879.14	-71.21%
1.00 1.00   3  10  30   5  15 0.10 	   29    24    14     2    12	14.29	10000.00	 3943.38	-60.57%
1.00 1.00   3  10  30   5  15 0.10 	   29    24     7     1     6	14.29	10000.00	 5400.80	-45.99%
1.00 1.00   3  10  30   5  15 0.10 	   29    24    10     1     9	10.00	10000.00	 4965.77	-50.34%
1.00 1.00   3  10  30   5  15 0.10 	   29    24   113    65    48	57.52	10000.00	43452.06	+334.52%
1.00 1.00   3  10  30   5  15 0.10 	   29    24    10     1     9	10.00	10000.00	 4965.77	-50.34%
1.00 1.00   3  10  30   5  15 0.10 	   29    24   264   115   149	43.56	10000.00	  817.58	-91.82%
1.00 1.00   3  10  30   5  15 0.10 	   29    23   259   113   146	43.63	10000.00	 2076.90	-79.23%
1.00 1.00   3  10  30   5  15 0.10 	   29    24    40    12    28	30.00	10000.00	 1688.63	-83.11%
1.00 1.00   3  10  30   5  15 0.10 	   29    24   264   115   149	43.56	10000.00	  817.58	-91.82%
1.00 1.00   3  10  30   5  15 0.10 	   29    24   119    65    54	54.62	10000.00	19597.46	+95.97%
1.00 1.00   3  10  30   5  15 0.10 	   29    24    12     2    10	16.67	10000.00	 4519.78	-54.80%
1.00 1.00   3  10  30   5  15 0.10 	   29    24   184    84   100	45.65	10000.00	 6718.79	-32.81%
1.00 1.00   3  10  30   5  15 0.10 	   29    24    13     4     9	30.77	10000.00	 4969.04	-50.31%
1.00 1.00   3  10  30   5  15 0.10 	   29    21   217    99   118	45.62	10000.00	 1981.72	-80.18%
1.00 1.00   3  10  30   5  15 0.10 	   29    24    10     1     9	10.00	10000.00	 4965.77	-50.34%
1.00 1.00   3  10  30   5  15 0.10 	   29    24    10     1     9	10.00	10000.00	 4965.77	-50.34%
1.00 1.00   3  10  30   5  15 0.10 	   29    24    16     3    13	18.75	10000.00	 3697.41	-63.03%
1.00 1.00   3  10  30   5  15 0.10 	   29    24     8     1     7	12.50	10000.00	 4803.85	-51.96%
1.00 1.00   3  10  30   5  15 0.10 	   29    24   221   102   119	46.15	10000.00	 3443.62	-65.56%
1.00 1.00   3  10  30   5  15 0.10 	   29    24   264   118   146	44.70	10000.00	 1488.14	-85.12%
1.00 1.00   3  10  30   5  15 0.10 	   29    24   264   115   149	43.56	10000.00	  817.58	-91.82%
1.00 1.00   3  10  30   5  15 0.10 	   29    24    14     2    12	14.29	10000.00	 4016.61	-59.83%
1.00 1.00   3  10  30   5  15 0.10 	   29    24   264   115   149	43.56	10000.00	  817.58	-91.82%
1.00 1.00   3  10  30   5  15 0.10 	   29    24    77    43    34	55.84	10000.00	14945.73	+49.46%
1.00 1.00   3  10  30   5  15 0.10 	   29    24    29     8    21	27.59	10000.00	 2395.52	-76.04%
1.00 1.00   3  10  30   5  15 0.10 	   29    24    10     2     8	20.00	10000.00	 5097.75	-49.02%
1.00 1.00   3  10  30   5  15 0.10 	   29    24    28    12    16	42.86	10000.00	 4531.68	-54.68%
1.00 1.00   3  10  30   5  15 0.10 	   29    24   264   115   149	43.56	10000.00	  817.58	-91.82%
1.00 1.00   3  10  30   5  15 0.10 	   29    24   230    98   132	42.61	10000.00	 1583.08	-84.17%
1.00 1.00   3  10  30   5  15 0.10 	   29    24   155    60    95	38.71	10000.00	  767.28	-92.33%
1.00 1.00   3  10  30   5  15 0.10 	   29    24    54    17    37	31.48	10000.00	 1393.11	-86.07%
1.00 1.00   3  10  30   5  15 0.10 	   29    24    11     2     9	18.18	10000.00	 4722.41	-52.78%
1.00 1.00   3  10  30   5  15 0.10 	   29    24    10     2     8	20.00	10000.00	 4968.57	-50.31%
1.00 1.00   3  10  30   5  15 0.10 	   29    24    10     1     9	10.00	10000.00	 4965.77	-50.34%
1.00 1.00   3  10  30   5  15 0.10 	   29    24    11     2     9	18.18	10000.00	 4628.68	-53.71%
1.00 1.00   3  10  30   5  15 0.10 	   29    24   163    73    90	44.79	10000.00	 6015.91	-39.84%
1.00 1.00   3  10  30   5  15 0.10 	   29    24    20     4    16	20.00	10000.00	 3334.75	-66.65%
1.00 1.00   3  10  30   5  15 0.10 	   29    24    11     2     9	18.18	10000.00	 4722.41	-52.78%
1.00 1.00   3  10  30   5  15 0.10 	   29    24    23     5    18	21.74	10000.00	 2841.18	-71.59%
1.00 1.00   3  10  30   5  15 0.10 	   29    24    11     2     9	18.18	10000.00	 4602.75	-53.97%
1.00 1.00   3  10  30   5  15 0.10 	   29    24     6     0     6	0.00	10000.00	 5334.78	-46.65%
1.00 1.00   3  10  30   5  15 0.10 	   29    24     5     0     5	0.00	10000.00	 6083.11	-39.17%
1.00 1.00   3  10  30   5  15 0.10 	   29    24    22     9    13	40.91	10000.00	 5118.82	-48.81%
1.00 1.00   3  10  30   5  15 0.10 	   29    24    32     9    23	28.12	10000.00	 3007.09	-69.93%
1.00 1.00   3  10  30   5  15 0.10 	   29    23   129    61    68	47.29	10000.00	 7490.81	-25.09%
1.00 1.00   3  10  30   5  15 0.10 	   29    24    10     1     9	10.00	10000.00	 4965.77	-50.34%
1.00 1.00   3  10  30   5  15 0.10 	   29    24    11     2     9	18.18	10000.00	 4785.23	-52.15%
1.00 1.00   3  10  30   5  15 0.10 	   29    24     9     2     7	22.22	10000.00	 5130.82	-48.69%
1.00 1.00   3  10  30   5  15 0.10 	   29    24   115    64    51	55.65	10000.00	34344.42	+243.44%
1.00 1.00   3  10  30   5  15 0.10 	   29    24    24     6    18	25.00	10000.00	 3195.10	-68.05%
1.00 1.00   3  10  30   5  15 0.10 	   29    24   264   115   149	43.56	10000.00	  817.58	-91.82%
1.00 1.00   3  10  30   5  15 0.10 	   29    24   209    93   116	44.50	10000.00	 2867.56	-71.32%
1.00 1.00   3  10  30   5  15 0.10 	   29    24   206    97   109	47.09	10000.00	 7426.36	-25.74%
1.00 1.00   3  10  30   5  15 0.10 	   29    24     5     0     5	0.00	10000.00	 6003.47	-39.97%
1.00 1.00   3  10  30   5  15 0.10 	   29    24    13     3    10	23.08	10000.00	 4441.46	-55.59%
1.00 1.00   3  10  30   5  15 0.10 	   29    24     6     0     6	0.00	10000.00	 5366.02	-46.34%
1.00 1.00   3  10  30   5  15 0.10 	   29    24   119    67    52	56.30	10000.00	35044.37	+250.44%
1.00 1.00   3  10  30   5  15 0.10 	   29    23    22     4    18	18.18	10000.00	 2828.84	-71.71%
1.00 1.00   3  10  30   5  15 0.10 	   29    24    10     1     9	10.00	10000.00	 4965.77	-50.34%
1.00 1.00   3  10  30   5  15 0.10 	   29    24    22     5    17	22.73	10000.00	 3250.72	-67.49%
1.00 1.00   3  10  30   5  15 0.10 	   29    24   264   115   149	43.56	10000.00	  817.58	-91.82%
1.00 1.00   3  10  30   5  15 0.10 	   29    24    12     2    10	16.67	10000.00	 4519.78	-54.80%
1.00 1.00   3  10  30   5  15 0.10 	   29    24    20     3    17	15.00	10000.00	 2837.14	-71.63%
1.00 1.00   3  10  30   5  15 0.10 	   29    24    17     4    13	23.53	10000.00	 3886.59	-61.13%
1.00 1.00   3  10  30   5  15 0.10 	   29    24    21     4    17	19.05	10000.00	 2935.18	-70.65%
1.00 1.00   3  10  30   5  15 0.10 	   29    24   170    82    88	48.24	10000.00	 8384.87	-16.15%
1.00 1.00   3  10  30   5  15 0.10 	   29    24   102    51    51	50.00	10000.00	 9507.47	 -4.93%
1.00 1.00   3  10  30   5  15 0.10 	   29    24    25    12    13	48.00	10000.00	 9500.65	 -4.99%
1.00 1.00   3  10  30   5  15 0.10 	   29    24    29     8    21	27.59	10000.00	 2395.52	-76.04%
1.00 1.00   3  10  30   5  15 0.10 	   29    24    26     8    18	30.77	10000.00	 3082.60	-69.17%
1.00 1.00   3  10  30   5  15 0.10 	   29    24    10     1     9	10.00	10000.00	 4965.77	-50.34%
1.00 1.00   3  10  30   5  15 0.10 	   29    24     5     0     5	0.00	10000.00	 6003.47	-39.97%
1.00 1.00   3  10  30   5  15 0.10 	   29    24     5     0     5	0.00	10000.00	 6003.47	-39.97%
1.00 1.00   3  10  30   5  15 0.10 	   29    24   168    82    86	48.81	10000.00	 8293.72	-17.06%
1.00 1.00   3  10  30   5  15 0.10 	   29    24    15     3    12	20.00	10000.00	 4020.30	-59.80%
1.00 1.00   3  10  30   5  15 0.10 	   29    23     5     0     5	0.00	10000.00	 6003.47	-39.97%
1.00 1.00   3  10  30   5  15 0.10 	   29    23    15     3    12	20.00	10000.00	 3814.79	-61.85%
1.00 1.00   3  10  30   5  15 0.10 	   29    24   183    87    96	47.54	10000.00	 6583.47	-34.17%
1.00 1.00   3  10  30   5  15 0.10 	   29    24    21     4    17	19.05	10000.00	 3236.70	-67.63%
1.00 1.00   3  10  30   5  15 0.10 	   29    24    20     3    17	15.00	10000.00	 2837.14	-71.63%
1.00 1.00   3  10  30   5  15 0.10 	   29    24   174    79    95	45.40	10000.00	 3566.23	-64.34%
1.00 1.00   3  10  30   5  15 0.10 	   29    24    11     2     9	18.18	10000.00	 4722.41	-52.78%
1.00 1.00   3  10  30   5  15 0.10 	   29    24   155    59    96	38.06	10000.00	 1486.13	-85.14%
1.00 1.00   3  10  30   5  15 0.10 	   29    24    33    14    19	42.42	10000.00	 3431.06	-65.69%
1.00 1.00   3  10  30   5  15 0.10 	   29    23    14     3    11	21.43	10000.00	 4114.04	-58.86%
1.00 1.00   3  10  30   5  15 0.10 	   29    24   124    68    56	54.84	10000.00	27477.66	+174.78%
1.00 1.00   3  10  30   5  15 0.10 	   29    24    10     0    10	0.00	10000.00	 4468.39	-55.32%
1.00 1.00   3  10  30   5  15 0.10 	   29    24   264   115   149	43.56	10000.00	  817.58	-91.82%
1.00 1.00   3  10  30   5  15 0.10 	   29    24   157    75    82	47.77	10000.00	 6913.34	-30.87%
1.00 1.00   3  10  30   5  15 0.10 	   29    24   228   106   122	46.49	10000.00	 2709.65	-72.90%
1.00 1.00   3  10  30   5  15 0.10 	   29    23   233   106   127	45.49	10000.00	 4795.96	-52.04%
1.00 1.00   3  10  30   5  15 0.10 	   29    24   264   115   149	43.56	10000.00	  817.58	-91.82%
1.00 1.00   3  10  30   5  15 0.10 	   29    24    23     5    18	21.74	10000.00	 2841.18	-71.59%
1.00 1.00   3  10  30   5  15 0.10 	   29    24   264   115   149	43.56	10000.00	  817.58	-91.82%
1.00 1.00   3  10  30   5  15 0.10 	   29    24   264   115   149	43.56	10000.00	  817.58	-91.82%
1.00 1.00   3  10  30   5  15 0.10 	   29    24   264   115   149	43.56	10000.00	  817.58	-91.82%
1.00 1.00   3  10  30   5  15 0.10 	   29    24   199    91   108	45.73	10000.00	 4022.62	-59.77%
1.00 1.00   3  10  30   5  15 0.10 	   29    24   236   103   133	43.64	10000.00	 2691.37	-73.09%
1.00 1.00   3  10  30   5  15 0.10 	   29    24    71    38    33	53.52	10000.00	 8732.98	-12.67%
1.00 1.00   3  10  30   5  15 0.10 	   29    24    17     5    12	29.41	10000.00	 4157.37	-58.43%
1.00 1.00   3  10  30   5  15 0.10 	   29    24     4     0     4	0.00	10000.00	 6459.67	-35.40%
1.00 1.00   3  10  30   5  15 0.10 	   29    23   264   115   149	43.56	10000.00	  817.58	-91.82%
1.00 1.00   3  10  30   5  15 0.10 	   29    24    17     5    12	29.41	10000.00	 4157.37	-58.43%
1.00 1.00   3  10  30   5  15 0.10 	   29    24   161    74    87	45.96	10000.00	 9539.65	 -4.60%
1.00 1.00   3  10  30   5  15 0.10 	   29    24     7     1     6	14.29	10000.00	 5400.80	-45.99%
1.00 1.00   3  10  30   5  15 0.10 	   29    24     5     0     5	0.00	10000.00	 6003.47	-39.97%
1.00 1.00   3  10  30   5  15 0.10 	   29    24   186    89    97	47.85	10000.00	 6185.25	-38.15%
1.00 1.00   3  10  30   5  15 0.10 	   29    24    87    40    47	45.98	10000.00	 4080.75	-59.19%
1.00 1.00   3  10  30   5  15 0.10 	   29    24     9     1     8	11.11	10000.00	 5585.13	-44.15%
1.00 1.00   3  10  30   5  15 0.10 	   29    24    16     4    12	25.00	10000.00	 4011.82	-59.88%
1.00 1.00   3  10  30   5  15 0.10 	   29    23    14     3    11	21.43	10000.00	 4240.51	-57.59%
1.00 1.00   3  10  30   5  15 0.10 	   29    24   264   115   149	43.56	10000.00	  817.58	-91.82%
1.00 1.00   3  10  30   5  15 0.10 	   29    24    25     5    20	20.00	10000.00	 2659.94	-73.40%
1.00 1.00   3  10  30   5  15 0.10 	   29    24    55    17    38	30.91	10000.00	 1377.94	-86.22%
1.00 1.00   3  10  30   5  15 0.10 	   29    24    28     8    20	28.57	10000.00	 2283.41	-77.17%
1.00 1.00   3  10  30   5  15 0.10 	   29    24    15     3    12	20.00	10000.00	 3814.79	-61.85%
1.00 1.00   3  10  30   5  15 0.10 	   29    24    90    45    45	50.00	10000.00	17473.16	+74.73%
1.00 1.00   3  10  30   5  15 0.10 	   29    24    11     2     9	18.18	10000.00	 4722.41	-52.78%
1.00 1.00   3  10  30   5  15 0.10 	   29    24    19     4    15	21.05	10000.00	 4285.41	-57.15%
1.00 1.00   3  10  30   5  15 0.10 	   29    24     9     2     7	22.22	10000.00	 5130.82	-48.69%
1.00 1.00   3  10  30   5  15 0.10 	   29    24   106    49    57	46.23	10000.00	 5395.66	-46.04%
1.00 1.00   3  10  30   5  15 0.10 	   29    24   223   102   121	45.74	10000.00	 6382.09	-36.18%
1.00 1.00   3  10  30   5  15 0.10 	   29    23    11     2     9	18.18	10000.00	 4628.68	-53.71%
1.00 1.00   3  10  30   5  15 0.10 	   29    24    22     4    18	18.18	10000.00	 2737.56	-72.62%
1.00 1.00   3  10  30   5  15 0.10 	   29    23     9     2     7	22.22	10000.00	 5130.82	-48.69%
1.00 1.00   3  10  30   5  15 0.10 	   29    24   102    46    56	45.10	10000.00	 4033.84	-59.66%
1.00 1.00   3  10  30   5  15 0.10 	   29    24     7     1     6	14.29	10000.00	 5537.74	-44.62%
1.00 1.00   3  10  30   5  15 0.10 	   29    24    20     3    17	15.00	10000.00	 2837.14	-71.63%
1.00 1.00   3  10  30   5  15 0.10 	   29    24    32    11    21	34.38	10000.00	 2745.30	-72.55%
1.00 1.00   3  10  30   5  15 0.10 	   29    23   264   118   146	44.70	10000.00	 1488.14	-85.12%
1.00 1.00   3  10  30   5  15 0.10 	   29    24     7     1     6	14.29	10000.00	 5537.74	-44.62%
1.00 1.00   3  10  30   5  15 0.10 	   29    24    22     4    18	18.18	10000.00	 2764.44	-72.36%
1.00 1.00   3  10  30   5  15 0.10 	   29    24    20     3    17	15.00	10000.00	 2837.14	-71.63%
1.00 1.00   3  10  30   5  15 0.10 	   29    24   264   115   149	43.56	10000.00	  817.58	-91.82%
1.00 1.00   3  10  30   5  15 0.10 	   29    24    18     5    13	27.78	10000.00	 3295.10	-67.05%
1.00 1.00   3  10  30   5  15 0.10 	   29    23   130    71    59	54.62	10000.00	15968.36	+59.68%
1.00 1.00   3  10  30   5  15 0.10 	   29    24    15     3    12	20.00	10000.00	 3841.70	-61.58%
1.00 1.00   3  10  30   5  15 0.10 	   29    22   102    53    49	51.96	10000.00	16384.48	+63.84%
1.00 1.00   3  10  30   5  15 0.10 	   29    24    20     4    16	20.00	10000.00	 3533.28	-64.67%
1.00 1.00   3  10  30   5  15 0.10 	   29    24     9     2     7	22.22	10000.00	 5130.82	-48.69%
1.00 1.00   3  10  30   5  15 0.10 	   29    24    11     1    10	9.09	10000.00	 4710.05	-52.90%
1.00 1.00   3  10  30   5  15 0.10 	   29    24    44    16    28	36.36	10000.00	 4890.64	-51.09%
1.00 1.00   3  10  30   5  15 0.10 	   29    24    36    19    17	52.78	10000.00	 8771.72	-12.28%
1.00 1.00   3  10  30   5  15 0.10 	   29    24   264   115   149	43.56	10000.00	  817.58	-91.82%
1.00 1.00   3  10  30   5  15 0.10 	   29    24    27     8    19	29.63	10000.00	 2647.42	-73.53%
1.00 1.00   3  10  30   5  15 0.10 	   29    24    11     2     9	18.18	10000.00	 4628.68	-53.71%
1.00 1.00   3  10  30   5  15 0.10 	   29    24   241   108   133	44.81	10000.00	 2934.43	-70.66%
1.00 1.00   3  10  30   5  15 0.10 	   29    24    13     3    10	23.08	10000.00	 4523.94	-54.76%
1.00 1.00   3  10  30   5  15 0.10 	   29    24   195    86   109	44.10	10000.00	 4832.02	-51.68%
1.00 1.00   3  10  30   5  15 0.10 	   29    24   264   115   149	43.56	10000.00	  817.58	-91.82%
1.00 1.00   3  10  30   5  15 0.10 	   29    24    32    15    17	46.88	10000.00	 6754.57	-32.45%
1.00 1.00   3  10  30   5  15 0.10 	   29    23    18     5    13	27.78	10000.00	 3295.10	-67.05%
1.00 1.00   3  10  30   5  15 0.10 	   29    24    41    19    22	46.34	10000.00	 7095.72	-29.04%
1.00 1.00   3  10  30   5  15 0.10 	   29    24    11     2     9	18.18	10000.00	 4722.41	-52.78%
1.00 1.00   3  10  30   5  15 0.10 	   29    24    99    53    46	53.54	10000.00	27896.38	+178.96%
1.00 1.00   3  10  30   5  15 0.10 	   29    24   177    84    93	47.46	10000.00	 8559.25	-14.41%
1.00 1.00   3  10  30   5  15 0.10 	   29    24   150    71    79	47.33	10000.00	 8881.20	-11.19%
1.00 1.00   3  10  30   5  15 0.10 	   29    24     9     2     7	22.22	10000.00	 5130.82	-48.69%
1.00 1.00   3  10  30   5  15 0.10 	   29    24    10     1     9	10.00	10000.00	 4965.77	-50.34%
1.00 1.00   3  10  30   5  15 0.10 	   29    24   146    64    82	43.84	10000.00	 2234.21	-77.66%
1.00 1.00   3  10  30   5  15 0.10 	   29    24    42    20    22	47.62	10000.00	 7948.42	-20.52%
1.00 1.00   3  10  30   5  15 0.10 	   29    24   264   115   149	43.56	10000.00	  817.58	-91.82%
1.00 1.00   3  10  30   5  15 0.10 	   29    22    21     4    17	19.05	10000.00	 3163.02	-68.37%
1.00 1.00   3  10  30   5  15 0.10 	   29    24    14     4    10	28.57	10000.00	 4516.75	-54.83%
1.00 1.00   3  10  30   5  15 0.10 	   29    24   197    82   115	41.62	10000.00	  855.63	-91.44%
1.00 1.00   3  10  30   5  15 0.10 	   29    24     6     0     6	0.00	10000.00	 5264.94	-47.35%
1.00 1.00   3  10  30   5  15 0.10 	   29    23    21     5    16	23.81	10000.00	 2243.30	-77.57%
1.00 1.00   3  10  30   5  15 0.10 	   29    24    10     1     9	10.00	10000.00	 4965.77	-50.34%
1.00 1.00   3  10  30   5  15 0.10 	   29    24     9     1     8	11.11	10000.00	 5585.13	-44.15%
1.00 1.00   3  10  30   5  15 0.10 	   29    24    11     2     9	18.18	10000.00	 4628.68	-53.71%
1.00 1.00   3  10  30   5  15 0.10 	   29    24    34    11    23	32.35	10000.00	 2437.07	-75.63%
1.00 1.00   3  10  30   5  15 0.10 	   29    24    23     5    18	21.74	10000.00	 2946.22	-70.54%
1.00 1.00   3  10  30   5  15 0.10 	   29    24     5     0     5	0.00	10000.00	 6003.47	-39.97%
1.00 1.00   3  10  30   5  15 0.10 	   29    24    48    20    28	41.67	10000.00	 4075.34	-59.25%
1.00 1.00   3  10  30   5  15 0.10 	   29    24    18     5    13	27.78	10000.00	 3318.34	-66.82%
1.00 1.00   3  10  30   5  15 0.10 	   29    24    36    16    20	44.44	10000.00	 5760.94	-42.39%
1.00 1.00   3  10  30   5  15 0.10 	   29    24    30    10    20	33.33	10000.00	 2947.24	-70.53%
1.00 1.00   3  10  30   5  15 0.10 	   29    24     5     0     5	0.00	10000.00	 6003.47	-39.97%
1.00 1.00   3  10  30   5  15 0.10 	   29    24   221    92   129	41.63	10000.00	  489.16	-95.11%
1.00 1.00   3  10  30   5  15 0.10 	   29    24   213   100   113	46.95	10000.00	 3026.18	-69.74%
1.00 1.00   3  10  30   5  15 0.10 	   29    24    12     2    10	16.67	10000.00	 4519.78	-54.80%
1.00 1.00   3  10  30   5  15 0.10 	   29    24    10     1     9	10.00	10000.00	 4965.77	-50.34%
1.00 1.00   3  10  30   5  15 0.10 	   29    24    20     5    15	25.00	10000.00	 2565.04	-74.35%
1.00 1.00   3  10  30   5  15 0.10 	   29    24    10     2     8	20.00	10000.00	 4968.57	-50.31%
1.00 1.00   3  10  30   5  15 0.10 	   29    24    12     1    11	8.33	10000.00	 4387.84	-56.12%
1.00 1.00   3  10  30   5  15 0.10 	   29    24    73    40    33	54.79	10000.00	12916.66	+29.17%
1.00 1.00   3  10  30   5  15 0.10 	   29    24     4     0     4	0.00	10000.00	 6459.67	-35.40%
1.00 1.00   3  10  30   5  15 0.10 	   29    24     5     0     5	0.00	10000.00	 6083.11	-39.17%
1.00 1.00   3  10  30   5  15 0.10 	   29    24    23     6    17	26.09	10000.00	 3121.07	-68.79%
1.00 1.00   3  10  30   5  15 0.10 	   29    24    15     3    12	20.00	10000.00	 3814.79	-61.85%
1.00 1.00   3  10  30   5  15 0.10 	   29    24   136    75    61	55.15	10000.00	15890.11	+58.90%
1.00 1.00   3  10  30   5  15 0.10 	   29    24    11     2     9	18.18	10000.00	 4628.68	-53.71%
1.00 1.00   3  10  30   5  15 0.10 	   29    24   204    92   112	45.10	10000.00	 4331.47	-56.69%
1.00 1.00   3  10  30   5  15 0.10 	   29    24    24     7    17	29.17	10000.00	 3170.21	-68.30%
1.00 1.00   3  10  30   5  15 0.10 	   29    24     5     0     5	0.00	10000.00	 6148.13	-38.52%
1.00 1.00   3  10  30   5  15 0.10 	   29    24   213    93   120	43.66	10000.00	 1869.11	-81.31%
1.00 1.00   3  10  30   5  15 0.10 	   29    24    17     5    12	29.41	10000.00	 3474.01	-65.26%
1.00 1.00   3  10  30   5  15 0.10 	   29    24    11     2     9	18.18	10000.00	 4628.68	-53.71%
1.00 1.00   3  10  30   5  15 0.10 	   29    24     8     0     8	0.00	10000.00	 5298.58	-47.01%
1.00 1.00   3  10  30   5  15 0.10 	   29    24     8     1     7	12.50	10000.00	 4867.58	-51.32%
1.00 1.00   3  10  30   5  15 0.10 	   29    24    10     1     9	10.00	10000.00	 4965.77	-50.34%
1.00 1.00   3  10  30   5  15 0.10 	   29    24   175    82    93	46.86	10000.00	 8477.87	-15.22%
1.00 1.00   3  10  30   5  15 0.10 	   29    24   264   115   149	43.56	10000.00	  817.58	-91.82%
1.00 1.00   3  10  30   5  15 0.10 	   29    24    17     4    13	23.53	10000.00	 3917.95	-60.82%
1.00 1.00   3  10  30   5  15 0.10 	   29    24    37    10    27	27.03	10000.00	 1932.35	-80.68%
1.00 1.00   3  10  30   5  15 0.10 	   29    24    21     3    18	14.29	10000.00	 2423.59	-75.76%
1.00 1.00   3  10  30   5  15 0.10 	   29    24    12     2    10	16.67	10000.00	 4519.78	-54.80%
1.00 1.00   3  10  30   5  15 0.10 	   29    23    21     4    17	19.05	10000.00	 2952.03	-70.48%
1.00 1.00   3  10  30   5  15 0.10 	   29    24   200    79   121	39.50	10000.00	  997.94	-90.02%
1.00 1.00   3  10  30   5  15 0.10 	   29    24     8     0     8	0.00	10000.00	 5369.07	-46.31%
1.00 1.00   3  10  30   5  15 0.10 	   29    24     5     0     5	0.00	10000.00	 6003.47	-39.97%
1.00 1.00   3  10  30   5  15 0.10 	   29    24     6     0     6	0.00	10000.00	 5334.78	-46.65%
1.00 1.00   3  10  30   5  15 0.10 	   29    24   264   115   149	43.56	10000.00	  817.58	-91.82%
1.00 1.00   3  10  30   5  15 0.10 	   29    24   148    54    94	36.49	10000.00	  358.98	-96.41%
1.00 1.00   3  10  30   5  15 0.10 	   29    24    24    12    12	50.00	10000.00	 7227.95	-27.72%
1.00 1.00   3  10  30   5  15 0.10 	   29    24    44    23    21	52.27	10000.00	 9520.83	 -4.79%
1.00 1.00   3  10  30   5  15 0.10 	   29    24    14     2    12	14.29	10000.00	 4016.61	-59.83%
1.00 1.00   3  10  30   5  15 0.10 	   29    24   165    79    86	47.88	10000.00	 8988.42	-10.12%
1.00 1.00   3  10  30   5  15 0.10 	   29    24    10     1     9	10.00	10000.00	 4965.77	-50.34%
1.00 1.00   3  10  30   5  15 0.10 	   29    24     5     0     5	0.00	10000.00	 6148.13	-38.52%
1.00 1.00   3  10  30   5  15 0.10 	   29    24    73    40    33	54.79	10000.00	14383.58	+43.84%
1.00 1.00   3  10  30   5  15 0.10 	   29    24    18     4    14	22.22	10000.00	 3054.10	-69.46%
1.00 1.00   3  10  30   5  15 0.10 	   29    24    10     2     8	20.00	10000.00	 4968.57	-50.31%
1.00 1.00   3  10  30   5  15 0.10 	   29    24     8     1     7	12.50	10000.00	 4867.58	-51.32%
1.00 1.00   3  10  30   5  15 0.10 	   29    24    13     3    10	23.08	10000.00	 4523.94	-54.76%
1.00 1.00   3  10  30   5  15 0.10 	   29    23    23     5    18	21.74	10000.00	 2919.37	-70.81%
1.00 1.00   3  10  30   5  15 0.10 	   29    24    21     4    17	19.05	10000.00	 3163.02	-68.37%
1.00 1.00   3  10  30   5  15 0.10 	   29    24     6     0     6	0.00	10000.00	 5264.94	-47.35%
1.00 1.00   3  10  30   5  15 0.10 	   29    24   157    78    79	49.68	10000.00	10545.66	 +5.46%
1.00 1.00   3  10  30   5  15 0.10 	   29    23    22     9    13	40.91	10000.00	 4688.34	-53.12%
1.00 1.00   3  10  30   5  15 0.10 	   29    24     9     1     8	11.11	10000.00	 5585.13	-44.15%
1.00 1.00   3  10  30   5  15 0.10 	   29    24   203    94   109	46.31	10000.00	 5561.23	-44.39%
1.00 1.00   3  10  30   5  15 0.10 	   29    24   111    60    51	54.05	10000.00	29181.21	+191.81%
1.00 1.00   3  10  30   5  15 0.10 	   29    24   264   115   149	43.56	10000.00	  817.58	-91.82%
1.00 1.00   3  10  30   5  15 0.10 	   29    24     6     0     6	0.00	10000.00	 5295.77	-47.04%
1.00 1.00   3  10  30   5  15 0.10 	   29    24    16     4    12	25.00	10000.00	 4134.71	-58.65%
1.00 1.00   3  10  30   5  15 0.10 	   29    24   213    95   118	44.60	10000.00	 5113.62	-48.86%
1.00 1.00   3  10  30   5  15 0.10 	   29    24   187    86   101	45.99	10000.00	 7262.28	-27.38%
1.00 1.00   3  10  30   5  15 0.10 	   29    24    10     2     8	20.00	10000.00	 4968.57	-50.31%
1.00 1.00   3  10  30   5  15 0.10 	   29    24   195    93   102	47.69	10000.00	 4359.23	-56.41%
1.00 1.00   3  10  30   5  15 0.10 	   29    24   264   115   149	43.56	10000.00	  817.58	-91.82%
1.00 1.00   3  10  30   5  15 0.10 	   29    24    11     2     9	18.18	10000.00	 4628.68	-53.71%
1.00 1.00   3  10  30   5  15 0.10 	   29    24    11     2     9	18.18	10000.00	 4602.75	-53.97%
1.00 1.00   3  10  30   5  15 0.10 	   29    24    18     5    13	27.78	10000.00	 3295.10	-67.05%
1.00 1.00   3  10  30   5  15 0.10 	   29    24   113    64    49	56.64	10000.00	28425.49	+184.25%
1.00 1.00   3  10  30   5  15 0.10 	   29    24   222    93   129	41.89	10000.00	  472.41	-95.28%
1.00 1.00   3  10  30   5  15 0.10 	   29    24    57    27    30	47.37	10000.00	 9649.30	 -3.51%
1.00 1.00   3  10  30   5  15 0.10 	   29    24   108    56    52	51.85	10000.00	23975.15	+139.75%
1.00 1.00   3  10  30   5  15 0.10 	   29    23     6     0     6	0.00	10000.00	 5366.02	-46.34%
1.00 1.00   3  10  30   5  15 0.10 	   29    24     5     0     5	0.00	10000.00	 6003.47	-39.97%
1.00 1.00   3  10  30   5  15 0.10 	   29    24    17     3    14	17.65	10000.00	 4013.38	-59.87%
1.00 1.00   3  10  30   5  15 0.10 	   29    24   207    92   115	44.44	10000.00	 3854.77	-61.45%
1.00 1.00   3  10  30   5  15 0.10 	   29    24   179    82    97	45.81	10000.00	 4319.51	-56.80%
1.00 1.00   3  10  30   5  15 0.10 	   29    24    11     2     9	18.18	10000.00	 4628.68	-53.71%
1.00 1.00   3  10  30   5  15 0.10 	   29    24    26     7    19	26.92	10000.00	 2942.54	-70.57%
1.00 1.00   3  10  30   5  15 0.10 	   29    24   128    54    74	42.19	10000.00	 3051.73	-69.48%
1.00 1.00   3  10  30   5  15 0.10 	   29    24    75    40    35	53.33	10000.00	12240.96	+22.41%
1.00 1.00   3  10  30   5  15 0.10 	   29    24    30     8    22	26.67	10000.00	 2131.15	-78.69%
1.00 1.00   3  10  30   5  15 0.10 	   29    24    86    34    52	39.53	10000.00	 2822.09	-71.78%
1.00 1.00   3  10  30   5  15 0.10 	   29    24    27    10    17	37.04	10000.00	 4905.40	-50.95%
1.00 1.00   3  10  30   5  15 0.10 	   29    24    12     3     9	25.00	10000.00	 4789.63	-52.10%
1.00 1.00   3  10  30   5  15 0.10 	   29    24     4     0     4	0.00	10000.00	 7011.25	-29.89%
1.00 1.00   3  10  30   5  15 0.10 	   29    23   113    61    52	53.98	10000.00	14208.51	+42.09%
1.00 1.00   3  10  30   5  15 0.10 	   29    24    24     6    18	25.00	10000.00	 3070.46	-69.30%
1.00 1.00   3  10  30   5  15 0.10 	   29    24    22     4    18	18.18	10000.00	 2784.02	-72.16%
1.00 1.00   3  10  30   5  15 0.10 	   29    24    20     3    17	15.00	10000.00	 2837.14	-71.63%
1.00 1.00   3  10  30   5  15 0.10 	   29    24    24     9    15	37.50	10000.00	 4704.69	-52.95%
1.00 1.00   3  10  30   5  15 0.10 	   29    24   197    89   108	45.18	10000.00	 4015.38	-59.85%
1.00 1.00   3  10  30   5  15 0.10 	   29    24   157    74    83	47.13	10000.00	 9755.51	 -2.44%
1.00 1.00   3  10  30   5  15 0.10 	   29    24     6     0     6	0.00	10000.00	 5334.78	-46.65%
1.00 1.00   3  10  30   5  15 0.10 	   29    24   178    82    96	46.07	10000.00	 4010.13	-59.90%
1.00 1.00   3  10  30   5  15 0.10 	   29    24   223    99   124	44.39	10000.00	 3149.75	-68.50%
1.00 1.00   3  10  30   5  15 0.10 	   29    24    23     6    17	26.09	10000.00	 3556.77	-64.43%
1.00 1.00   3  10  30   5  15 0.10 	   29    23    30     9    21	30.00	10000.00	 2625.97	-73.74%
1.00 1.00   3  10  30   5  15 0.10 	   29    23    17     5    12	29.41	10000.00	 4383.34	-56.17%
1.00 1.00   3  10  30   5  15 0.10 	   29    24   228   103   125	45.18	10000.00	 2979.92	-70.20%
1.00 1.00   3  10  30   5  15 0.10 	   29    24   264   115   149	43.56	10000.00	  817.58	-91.82%
1.00 1.00   3  10  30   5  15 0.10 	   29    24    17     5    12	29.41	10000.00	 4316.45	-56.84%
1.00 1.00   3  10  30   5  15 0.10 	   29    24   189    77   112	40.74	10000.00	  601.06	-93.99%
1.00 1.00   3  10  30   5  15 0.10 	   29    24   124    68    56	54.84	10000.00	27560.75	+175.61%
1.00 1.00   3  10  30   5  15 0.10 	   29    24    11     2     9	18.18	10000.00	 4785.23	-52.15%
1.00 1.00   3  10  30   5  15 0.10 	   29    24    17     5    12	29.41	10000.00	 4157.37	-58.43%
1.00 1.00   3  10  30   5  15 0.10 	   29    24    12     2    10	16.67	10000.00	 4519.78	-54.80%
1.00 1.00   3  10  30   5  15 0.10 	   29    24   264   115   149	43.56	10000.00	  817.58	-91.82%
1.00 1.00   3  10  30   5  15 0.10 	   29    24   202    88   114	43.56	10000.00	 2545.28	-74.55%
1.00 1.00   3  10  30   5  15 0.10 	   29    24    18     5    13	27.78	10000.00	 3295.10	-67.05%
1.00 1.00   3  10  30   5  15 0.10 	   29    24    42    21    21	50.00	10000.00	10110.34	 +1.10%
1.00 1.00   3  10  30   5  15 0.10 	   29    24   143    67    76	46.85	10000.00	13299.26	+32.99%
1.00 1.00   3  10  30   5  15 0.10 	   29    24    11     2     9	18.18	10000.00	 4722.41	-52.78%
1.00 1.00   3  10  30   5  15 0.10 	   29    24    14     3    11	21.43	10000.00	 4114.04	-58.86%
1.00 1.00   3  10  30   5  15 0.10 	   29    24   183    86    97	46.99	10000.00	 4452.49	-55.48%
1.00 1.00   3  10  30   5  15 0.10 	   29    24    22     4    18	18.18	10000.00	 2764.44	-72.36%
1.00 1.00   3  10  30   5  15 0.10 	   29    24    11     1    10	9.09	10000.00	 4626.07	-53.74%
1.00 1.00   3  10  30   5  15 0.10 	   29    24    56    26    30	46.43	10000.00	 6214.43	-37.86%
1.00 1.00   3  10  30   5  15 0.10 	   29    24     9     1     8	11.11	10000.00	 5585.13	-44.15%
1.00 1.00   3  10  30   5  15 0.10 	   29    24     6     0     6	0.00	10000.00	 5264.94	-47.35%
1.00 1.00   3  10  30   5  15 0.10 	   29    24    12     2    10	16.67	10000.00	 4390.32	-56.10%
1.00 1.00   3  10  30   5  15 0.10 	   29    24   244   111   133	45.49	10000.00	 2188.83	-78.11%
1.00 1.00   3  10  30   5  15 0.10 	   29    24    10     1     9	10.00	10000.00	 4965.77	-50.34%
1.00 1.00   3  10  30   5  15 0.10 	   29    24   228   106   122	46.49	10000.00	 3489.92	-65.10%
1.00 1.00   3  10  30   5  15 0.10 	   29    24    23     6    17	26.09	10000.00	 3441.74	-65.58%
1.00 1.00   3  10  30   5  15 0.10 	   29    24   196    87   109	44.39	10000.00	 4018.38	-59.82%
1.00 1.00   3  10  30   5  15 0.10 	   29    24    17     3    14	17.65	10000.00	 3123.24	-68.77%
1.00 1.00   3  10  30   5  15 0.10 	   29    24   152    70    82	46.05	10000.00	10493.97	 +4.94%
1.00 1.00   3  10  30   5  15 0.10 	   29    24     7     1     6	14.29	10000.00	 5537.74	-44.62%
1.00 1.00   3  10  30   5  15 0.10 	   29    24    12     2    10	16.67	10000.00	 5592.83	-44.07%
1.00 1.00   3  10  30   5  15 0.10 	   29    23    14     3    11	21.43	10000.00	 4021.91	-59.78%
1.00 1.00   3  10  30   5  15 0.10 	   29    24    10     1     9	10.00	10000.00	 4965.77	-50.34%
1.00 1.00   3  10  30   5  15 0.10 	   29    24    19     3    16	15.79	10000.00	 2973.34	-70.27%
1.00 1.00   3  10  30   5  15 0.10 	   29    24    30    16    14	53.33	10000.00	10314.09	 +3.14%
1.00 1.00   3  10  30   5  15 0.10 	   29    24   244   107   137	43.85	10000.00	 4230.95	-57.69%
1.00 1.00   3  10  30   5  15 0.10 	   29    24    12     2    10	16.67	10000.00	 4479.22	-55.21%
1.00 1.00   3  10  30   5  15 0.10 	   29    24    24     6    18	25.00	10000.00	 3040.51	-69.59%
1.00 1.00   3  10  30   5  15 0.10 	   29    24   240   107   133	44.58	10000.00	 2862.33	-71.38%
1.00 1.00   3  10  30   5  15 0.10 	   29    24     9     1     8	11.11	10000.00	 5585.13	-44.15%
1.00 1.00   3  10  30   5  15 0.10 	   29    24    11     2     9	18.18	10000.00	 4722.41	-52.78%
1.00 1.00   3  10  30   5  15 0.10 	   29    24   108    61    47	56.48	10000.00	23950.79	+139.51%
1.00 1.00   3  10  30   5  15 0.10 	   29    24    71    32    39	45.07	10000.00	 4249.77	-57.50%
1.00 1.00   3  10  30   5  15 0.10 	   29    24    11     2     9	18.18	10000.00	 4722.41	-52.78%
1.00 1.00   3  10  30   5  15 0.10 	   29    24    19     3    16	15.79	10000.00	 2906.06	-70.94%
1.00 1.00   3  10  30   5  15 0.10 	   29    24    40    16    24	40.00	10000.00	 4772.18	-52.28%
1.00 1.00   3  10  30   5  15 0.10 	   29    24    68    32    36	47.06	10000.00	 7904.90	-20.95%
1.00 1.00   3  10  30   5  15 0.10 	   29    24   124    65    59	52.42	10000.00	14761.23	+47.61%
1.00 1.00   3  10  30   5  15 0.10 	   29    24     6     0     6	0.00	10000.00	 5366.02	-46.34%
1.00 1.00   3  10  30   5  15 0.10 	   29    24    30    10    20	33.33	10000.00	 2586.24	-74.14%
1.00 1.00   3  10  30   5  15 0.10 	   29    23   264   115   149	43.56	10000.00	  817.58	-91.82%
1.00 1.00   3  10  30   5  15 0.10 	   29    24    14     2    12	14.29	10000.00	 4016.61	-59.83%
1.00 1.00   3  10  30   5  15 0.10 	   29    24   219    97   122	44.29	10000.00	 4424.18	-55.76%
1.00 1.00   3  10  30   5  15 0.10 	   29    24     6     0     6	0.00	10000.00	 5366.02	-46.34%
1.00 1.00   3  10  30   5  15 0.10 	   29    24    21     4    17	19.05	10000.00	 3163.02	-68.37%
1.00 1.00   3  10  30   5  15 0.10 	   29    24    21     8    13	38.10	10000.00	 5808.24	-41.92%
1.00 1.00   3  10  30   5  15 0.10 	   29    24    10     2     8	20.00	10000.00	 4968.57	-50.31%
1.00 1.00   3  10  30   5  15 0.10 	   29    24    17     5    12	29.41	10000.00	 4129.53	-58.70%
1.00 1.00   3  10  30   5  15 0.10 	   29    24   264   115   149	43.56	10000.00	  817.58	-91.82%
1.00 1.00   3  10  30   5  15 0.10 	   29    24    11     4     7	36.36	10000.00	 5663.47	-43.37%
1.00 1.00   3  10  30   5  15 0.10 	   29    24     5     0     5	0.00	10000.00	 6003.47	-39.97%
1.00 1.00   3  10  30   5  15 0.10 	   29    24     5     0     5	0.00	10000.00	 6118.73	-38.81%
1.00 1.00   3  10  30   5  15 0.10 	   29    24   159    70    89	44.03	10000.00	 6741.25	-32.59%
1.00 1.00   3  10  30   5  15 0.10 	   29    24     6     0     6	0.00	10000.00	 5366.02	-46.34%
1.00 1.00   3  10  30   5  15 0.10 	   29    24    10     1     9	10.00	10000.00	 4965.77	-50.34%
1.00 1.00   3  10  30   5  15 0.10 	   29    24    55    27    28	49.09	10000.00	 8133.10	-18.67%
1.00 1.00   3  10  30   5  15 0.10 	   29    24    32    15    17	46.88	10000.00	 6246.50	-37.53%
1.00 1.00   3  10  30   5  15 0.10 	   29    24   135    74    61	54.81	10000.00	17048.81	+70.49%
1.00 1.00   3  10  30   5  15 0.10 	   29    24    13     2    11	15.38	10000.00	 4230.74	-57.69%
1.00 1.00   3  10  30   5  15 0.10 	   29    24    11     2     9	18.18	10000.00	 4722.41	-52.78%
1.00 1.00   3  10  30   5  15 0.10 	   29    24    14     3    11	21.43	10000.00	 4161.30	-58.39%
1.00 1.00   3  10  30   5  15 0.10 	   29    24    19     5    14	26.32	10000.00	 2934.87	-70.65%
1.00 1.00   3  10  30   5  15 0.10 	   29    24    48    22    26	45.83	10000.00	 6932.61	-30.67%
1.00 1.00   3  10  30   5  15 0.10 	   29    24    44    18    26	40.91	10000.00	 4175.44	-58.25%
1.00 1.00   3  10  30   5  15 0.10 	   29    24     9     1     8	11.11	10000.00	 5585.13	-44.15%
1.00 1.00   3  10  30   5  15 0.10 	   29    24    38    18    20	47.37	10000.00	 9970.73	 -0.29%
1.00 1.00   3  10  30   5  15 0.10 	   29    24     6     0     6	0.00	10000.00	 5366.02	-46.34%
1.00 1.00   3  10  30   5  15 0.10 	   29    22    10     1     9	10.00	10000.00	 4965.77	-50.34%
1.00 1.00   3  10  30   5  15 0.10 	   29    24    20     5    15	25.00	10000.00	 2565.04	-74.35%
1.00 1.00   3  10  30   5  15 0.10 	   29    24     5     0     5	0.00	10000.00	 6083.11	-39.17%
1.00 1.00   3  10  30   5  15 0.10 	   29    24    11     2     9	18.18	10000.00	 4722.41	-52.78%
1.00 1.00   3  10  30   5  15 0.10 	   29    24    11     2     9	18.18	10000.00	 4722.41	-52.78%
1.00 1.00   3  10  30   5  15 0.10 	   29    24   208    90   118	43.27	10000.00	 3125.58	-68.74%
1.00 1.00   3  10  30   5  15 0.10 	   29    23   261   118   143	45.21	10000.00	 1314.44	-86.86%
1.00 1.00   3  10  30   5  15 0.10 	   29    24    65    30    35	46.15	10000.00	 6228.38	-37.72%
1.00 1.00   3  10  30   5  15 0.10 	   29    24     9     2     7	22.22	10000.00	 5130.82	-48.69%
1.00 1.00   3  10  30   5  15 0.10 	   29    24     8     0     8	0.00	10000.00	 5298.58	-47.01%
1.00 1.00   3  10  30   5  15 0.10 	   29    24    31    10    21	32.26	10000.00	 2567.24	-74.33%
1.00 1.00   3  10  30   5  15 0.10 	   29    24    10     1     9	10.00	10000.00	 4965.77	-50.34%
1.00 1.00   3  10  30   5  15 0.10 	   29    24    26     8    18	30.77	10000.00	 2958.72	-70.41%
1.00 1.00   3  10  30   5  15 0.10 	   29    24    11     2     9	18.18	10000.00	 4785.23	-52.15%
1.00 1.00   3  10  30   5  15 0.10 	   29    24     6     0     6	0.00	10000.00	 5366.02	-46.34%
1.00 1.00   3  10  30   5  15 0.10 	   29    24    10     1     9	10.00	10000.00	 4965.77	-50.34%
1.00 1.00   3  10  30   5  15 0.10 	   29    24   264   115   149	43.56	10000.00	  817.58	-91.82%
1.00 1.00   3  10  30   5  15 0.10 	   29    22   105    56    49	53.33	10000.00	17476.29	+74.76%
1.00 1.00   3  10  30   5  15 0.10 	   29    24    12     2    10	16.67	10000.00	 4390.32	-56.10%
1.00 1.00   3  10  30   5  15 0.10 	   29    24    24     7    17	29.17	10000.00	 3139.28	-68.61%
1.00 1.00   3  10  30   5  15 0.10 	   29    24   192    87   105	45.31	10000.00	 1499.83	-85.00%
1.00 1.00   3  10  30   5  15 0.10 	   29    23    22     4    18	18.18	10000.00	 2828.84	-71.71%
1.00 1.00   3  10  30   5  15 0.10 	   29    24     5     0     5	0.00	10000.00	 6038.63	-39.61%
1.00 1.00   3  10  30   5  15 0.10 	   29    24    11     2     9	18.18	10000.00	 4722.41	-52.78%
1.00 1.00   3  10  30   5  15 0.10 	   29    24     6     0     6	0.00	10000.00	 5366.02	-46.34%
1.00 1.00   3  10  30   5  15 0.10 	   29    24     6     0     6	0.00	10000.00	 5334.78	-46.65%
1.00 1.00   3  10  30   5  15 0.10 	   29    24    23     5    18	21.74	10000.00	 2791.95	-72.08%
1.00 1.00   3  10  30   5  15 0.10 	   29    24   262   118   144	45.04	10000.00	 1036.41	-89.64%
1.00 1.00   3  10  30   5  15 0.10 	   29    24   151    73    78	48.34	10000.00	11847.41	+18.47%
1.00 1.00   3  10  30   5  15 0.10 	   29    24    45    14    31	31.11	10000.00	 1503.85	-84.96%
1.00 1.00   3  10  30   5  15 0.10 	   29    24   191    90   101	47.12	10000.00	 6718.20	-32.82%
1.00 1.00   3  10  30   5  15 0.10 	   29    24   237   109   128	45.99	10000.00	 3715.66	-62.84%
1.00 1.00   3  10  30   5  15 0.10 	   29    24    16     4    12	25.00	10000.00	 4011.40	-59.89%
1.00 1.00   3  10  30   5  15 0.10 	   29    24     6     0     6	0.00	10000.00	 5502.07	-44.98%
1.00 1.00   3  10  30   5  15 0.10 	   29    24   186    86   100	46.24	10000.00	 6320.78	-36.79%
1.00 1.00   3  10  30   5  15 0.10 	   29    24   173    80    93	46.24	10000.00	 5905.90	-40.94%
1.00 1.00   3  10  30   5  15 0.10 	   29    24     7     1     6	14.29	10000.00	 5299.06	-47.01%
1.00 1.00   3  10  30   5  15 0.10 	   29    24   264   115   149	43.56	10000.00	  817.58	-91.82%
1.00 1.00   3  10  30   5  15 0.10 	   29    24     8     1     7	12.50	10000.00	 4867.58	-51.32%
1.00 1.00   3  10  30   5  15 0.10 	   29    24     6     0     6	0.00	10000.00	 5334.78	-46.65%
1.00 1.00   3  10  30   5  15 0.10 	   29    24    22     4    18	18.18	10000.00	 2764.44	-72.36%
1.00 1.00   3  10  30   5  15 0.10 	   29    24     6     0     6	0.00	10000.00	 5264.94	-47.35%
1.00 1.00   3  10  30   5  15 0.10 	   29    24    59    18    41	30.51	10000.00	 1416.93	-85.83%
1.00 1.00   3  10  30   5  15 0.10 	   29    24    15     3    12	20.00	10000.00	 3814.79	-61.85%
1.00 1.00   3  10  30   5  15 0.10 	   29    24    22     4    18	18.18	10000.00	 2764.44	-72.36%
1.00 1.00   3  10  30   5  15 0.10 	   29    24    20     3    17	15.00	10000.00	 2837.14	-71.63%
1.00 1.00   3  10  30   5  15 0.10 	   29    24    28     8    20	28.57	10000.00	 2255.34	-77.45%
1.00 1.00   3  10  30   5  15 0.10 	   29    24    18     3    15	16.67	10000.00	 3063.84	-69.36%
1.00 1.00   3  10  30   5  15 0.10 	   29    24    10     1     9	10.00	10000.00	 4965.77	-50.34%
1.00 1.00   3  10  30   5  15 0.10 	   29    24    17     5    12	29.41	10000.00	 3474.01	-65.26%
1.00 1.00   3  10  30   5  15 0.10 	   29    24     9     2     7	22.22	10000.00	 5130.82	-48.69%
1.00 1.00   3  10  30   5  15 0.10 	   29    23   264   115   149	43.56	10000.00	  817.58	-91.82%
1.00 1.00   3  10  30   5  15 0.10 	   29    23   227    92   135	40.53	10000.00	  421.98	-95.78%
1.00 1.00   3  10  30   5  15 0.10 	   29    24     9     2     7	22.22	10000.00	 5130.82	-48.69%
1.00 1.00   3  10  30   5  15 0.10 	   29    24   204    98   106	48.04	10000.00	 8519.75	-14.80%
1.00 1.00   3  10  30   5  15 0.10 	   29    24    15     3    12	20.00	10000.00	 3885.63	-61.14%
1.00 1.00   3  10  30   5  15 0.10 	   29    24   131    46    85	35.11	10000.00	  351.84	-96.48%
1.00 1.00   3  10  30   5  15 0.10 	   29    24   188    86   102	45.74	10000.00	 3244.42	-67.56%
1.00 1.00   3  10  30   5  15 0.10 	   29    23    23     5    18	21.74	10000.00	 2919.37	-70.81%
1.00 1.00   3  10  30   5  15 0.10 	   29    24    23     5    18	21.74	10000.00	 2879.01	-71.21%
1.00 1.00   3  10  30   5  15 0.10 	   29    24     7     1     6	14.29	10000.00	 5537.74	-44.62%
1.00 1.00   3  10  30   5  15 0.10 	   29    24   264   115   149	43.56	10000.00	  817.58	-91.82%
1.00 1.00   3  10  30   5  15 0.10 	   29    24   254   114   140	44.88	10000.00	 3128.27	-68.72%
1.00 1.00   3  10  30   5  15 0.10 	   29    24    10     1     9	10.00	10000.00	 4965.77	-50.34%
1.00 1.00   3  10  30   5  15 0.10 	   29    24   264   115   149	43.56	10000.00	  817.58	-91.82%
1.00 1.00   3  10  30   5  15 0.10 	   29    24     5     0     5	0.00	10000.00	 6003.47	-39.97%
1.00 1.00   3  10  30   5  15 0.10 	   29    23    19     3    16	15.79	10000.00	 2906.06	-70.94%
1.00 1.00   3  10  30   5  15 0.10 	   29    24     9     2     7	22.22	10000.00	 5130.82	-48.69%
1.00 1.00   3  10  30   5  15 0.10 	   29    24   126    71    55	56.35	10000.00	25402.48	+154.02%
1.00 1.00   3  10  30   5  15 0.10 	   29    24    10     2     8	20.00	10000.00	 4968.57	-50.31%
1.00 1.00   3  10  30   5  15 0.10 	   29    24    52    28    24	53.85	10000.00	12186.00	+21.86%
1.00 1.00   3  10  30   5  15 0.10 	   29    24    14     3    11	21.43	10000.00	 4040.50	-59.60%
1.00 1.00   3  10  30   5  15 0.10 	   29    24    21     3    18	14.29	10000.00	 2440.60	-75.59%
1.00 1.00   3  10  30   5  15 0.10 	   29    24     6     0     6	0.00	10000.00	 5366.02	-46.34%
1.00 1.00   3  10  30   5  15 0.10 	   29    24     7     1     6	14.29	10000.00	 5400.80	-45.99%
1.00 1.00   3  10  30   5  15 0.10 	   29    24    22     4    18	18.18	10000.00	 2764.44	-72.36%
1.00 1.00   3  10  30   5  15 0.10 	   29    24    12     3     9	25.00	10000.00	 5352.36	-46.48%
1.00 1.00   3  10  30   5  15 0.10 	   29    24   246   109   137	44.31	10000.00	 1336.59	-86.63%
1.00 1.00   3  10  30   5  15 0.10 	   29    24   264   115   149	43.56	10000.00	  817.58	-91.82%
1.00 1.00   3  10  30   5  15 0.10 	   29    23   107    57    50	53.27	10000.00	21602.94	+116.03%
1.00 1.00   3  10  30   5  15 0.10 	   29    24    28     9    19	32.14	10000.00	 3045.91	-69.54%
1.00 1.00   3  10  30   5  15 0.10 	   29    24   157    75    82	47.77	10000.00	 8983.91	-10.16%
1.00 1.00   3  10  30   5  15 0.10 	   29    24    10     2     8	20.00	10000.00	 4968.57	-50.31%
1.00 1.00   3  10  30   5  15 0.10 	   29    24   152    74    78	48.68	10000.00	10664.74	 +6.65%
1.00 1.00   3  10  30   5  15 0.10 	   29    23   264   115   149	43.56	10000.00	  817.58	-91.82%
1.00 1.00   3  10  30   5  15 0.10 	   29    24    78    42    36	53.85	10000.00	15436.68	+54.37%
1.00 1.00   3  10  30   5  15 0.10 	   29    24    15     3    12	20.00	10000.00	 3913.67	-60.86%
1.00 1.00   3  10  30   5  15 0.10 	   29    24    24     6    18	25.00	10000.00	 3037.67	-69.62%
1.00 1.00   3  10  30   5  15 0.10 	   29    24   167    82    85	49.10	10000.00	 7741.45	-22.59%
1.00 1.00   3  10  30   5  15 0.10 	   29    23    19     3    16	15.79	10000.00	 2906.06	-70.94%
1.00 1.00   3  10  30   5  15 0.10 	   29    24    20     3    17	15.00	10000.00	 2557.77	-74.42%
1.00 1.00   3  10  30   5  15 0.10 	   29    24     9     2     7	22.22	10000.00	 5130.82	-48.69%
1.00 1.00   3  10  30   5  15 0.10 	   29    24    12     1    11	8.33	10000.00	 4387.84	-56.12%
1.00 1.00   3  10  30   5  15 0.10 	   29    24     5     0     5	0.00	10000.00	 6003.47	-39.97%
1.00 1.00   3  10  30   5  15 0.10 	   29    24   193    88   105	45.60	10000.00	 5846.16	-41.54%
1.00 1.00   3  10  30   5  15 0.10 	   29    24     9     2     7	22.22	10000.00	 5130.82	-48.69%
1.00 1.00   3  10  30   5  15 0.10 	   29    24    24     6    18	25.00	10000.00	 3000.32	-70.00%
1.00 1.00   3  10  30   5  15 0.10 	   29    24     5     0     5	0.00	10000.00	 6083.11	-39.17%
1.00 1.00   3  10  30   5  15 0.10 	   29    24    15     3    12	20.00	10000.00	 3814.79	-61.85%
1.00 1.00   3  10  30   5  15 0.10 	   29    23    16     4    12	25.00	10000.00	 4057.48	-59.43%
1.00 1.00   3  10  30   5  15 0.10 	   29    24    16     5    11	31.25	10000.00	 4383.09	-56.17%
1.00 1.00   3  10  30   5  15 0.10 	   29    24    70    29    41	41.43	10000.00	 4439.27	-55.61%
1.00 1.00   3  10  30   5  15 0.10 	   29    24     5     0     5	0.00	10000.00	 6003.47	-39.97%
1.00 1.00   3  10  30   5  15 0.10 	   29    24     4     0     4	0.00	10000.00	 6615.32	-33.85%
1.00 1.00   3  10  30   5  15 0.10 	   29    24    12     2    10	16.67	10000.00	 4460.44	-55.40%
1.00 1.00   3  10  30   5  15 0.10 	   29    24    11     2     9	18.18	10000.00	 4785.23	-52.15%
1.00 1.00   3  10  30   5  15 0.10 	   29    24    32    11    21	34.38	10000.00	 2745.30	-72.55%
1.00 1.00   3  10  30   5  15 0.10 	   29    24    22     5    17	22.73	10000.00	 3250.72	-67.49%
1.00 1.00   3  10  30   5  15 0.10 	   29    24    91    44    47	48.35	10000.00	10635.56	 +6.36%
1.00 1.00   3  10  30   5  15 0.10 	   29    24     5     0     5	0.00	10000.00	 6083.11	-39.17%
1.00 1.00   3  10  30   5  15 0.10 	   29    24     6     0     6	0.00	10000.00	 5334.78	-46.65%
1.00 1.00   3  10  30   5  15 0.10 	   29    24     9     2     7	22.22	10000.00	 5130.82	-48.69%
1.00 1.00   3  10  30   5  15 0.10 	   29    24    15     3    12	20.00	10000.00	 4022.14	-59.78%
1.00 1.00   3  10  30   5  15 0.10 	   29    24     8     1     7	12.50	10000.00	 4867.58	-51.32%
1.00 1.00   3  10  30   5  15 0.10 	   29    24     5     0     5	0.00	10000.00	 6003.47	-39.97%
1.00 1.00   3  10  30   5  15 0.10 	   29    24   264   115   149	43.56	10000.00	  817.58	-91.82%
1.00 1.00   3  10  30   5  15 0.10 	   29    24   161    69    92	42.86	10000.00	 9356.89	 -6.43%
1.00 1.00   3  10  30   5  15 0.10 	   29    22    32    11    21	34.38	10000.00	 2591.92	-74.08%
1.00 1.00   3  10  30   5  15 0.10 	   29    24     5     0     5	0.00	10000.00	 6003.47	-39.97%
1.00 1.00   3  10  30   5  15 0.10 	   29    24   264   115   149	43.56	10000.00	  817.58	-91.82%
1.00 1.00   3  10  30   5  15 0.10 	   29    24   149    64    85	42.95	10000.00	 2752.66	-72.47%
1.00 1.00   3  10  30   5  15 0.10 	   29    24    87    43    44	49.43	10000.00	15353.75	+53.54%
1.00 1.00   3  10  30   5  15 0.10 	   29    24     5     0     5	0.00	10000.00	 6003.47	-39.97%
1.00 1.00   3  10  30   5  15 0.10 	   29    24    25    13    12	52.00	10000.00	 8900.86	-10.99%
1.00 1.00   3  10  30   5  15 0.10 	   29    24   247   108   139	43.72	10000.00	 2348.53	-76.51%
1.00 1.00   3  10  30   5  15 0.10 	   29    23    14     4    10	28.57	10000.00	 4653.48	-53.47%
1.00 1.00   3  10  30   5  15 0.10 	   29    24     5     0     5	0.00	10000.00	 6003.47	-39.97%
1.00 1.00   3  10  30   5  15 0.10 	   29    23     9     2     7	22.22	10000.00	 5130.82	-48.69%
1.00 1.00   3  10  30   5  15 0.10 	   29    24   231    99   132	42.86	10000.00	 2329.93	-76.70%
1.00 1.00   3  10  30   5  15 0.10 	   29    24     5     0     5	0.00	10000.00	 6003.47	-39.97%
1.00 1.00   3  10  30   5  15 0.10 	   29    24   132    70    62	53.03	10000.00	15721.25	+57.21%
1.00 1.00   3  10  30   5  15 0.10 	   29    24   264   117   147	44.32	10000.00	 1177.20	-88.23%
1.00 1.00   3  10  30   5  15 0.10 	   29    24    23     5    18	21.74	10000.00	 2841.18	-71.59%
1.00 1.00   3  10  30   5  15 0.10 	   29    24   223    91   132	40.81	10000.00	  415.42	-95.85%
1.00 1.00   3  10  30   5  15 0.10 	   29    24    25     7    18	28.00	10000.00	 3201.75	-67.98%
1.00 1.00   3  10  30   5  15 0.10 	   29    24    11     2     9	18.18	10000.00	 4785.23	-52.15%
1.00 1.00   3  10  30   5  15 0.10 	   29    24    22     4    18	18.18	10000.00	 2764.53	-72.35%
1.00 1.00   3  10  30   5  15 0.10 	   29    23    37    10    27	27.03	10000.00	 1745.46	-82.55%
1.00 1.00   3  10  30   5  15 0.10 	   29    24     5     0     5	0.00	10000.00	 6003.47	-39.97%
1.00 1.00   3  10  30   5  15 0.10 	   29    24    13     4     9	30.77	10000.00	 5090.05	-49.10%
1.00 1.00   3  10  30   5  15 0.10 	   29    24    19     3    16	15.79	10000.00	 2906.06	-70.94%
1.00 1.00   3  10  30   5  15 0.10 	   29    24   188    85   103	45.21	10000.00	 4462.29	-55.38%
1.00 1.00   3  10  30   5  15 0.10 	   29    24    10     1     9	10.00	10000.00	 4965.77	-50.34%
1.00 1.00   3  10  30   5  15 0.10 	   29    24   236   108   128	45.76	10000.00	 2972.02	-70.28%
1.00 1.00   3  10  30   5  15 0.10 	   29    24   127    70    57	55.12	10000.00	15872.73	+58.73%
1.00 1.00   3  10  30   5  15 0.10 	   29    24     8     1     7	12.50	10000.00	 4867.58	-51.32%
1.00 1.00   3  10  30   5  15 0.10 	   29    24    55    22    33	40.00	10000.00	 4578.90	-54.21%
1.00 1.00   3  10  30   5  15 0.10 	   29    24    94    49    45	52.13	10000.00	12177.69	+21.78%
1.00 1.00   3  10  30   5  15 0.10 	   29    24    13     3    10	23.08	10000.00	 4526.01	-54.74%
1.00 1.00   3  10  30   5  15 0.10 	   29    24    11     2     9	18.18	10000.00	 4749.02	-52.51%
1.00 1.00   3  10  30   5  15 0.10 	   29    24     4     0     4	0.00	10000.00	 6615.32	-33.85%
1.00 1.00   3  10  30   5  15 0.10 	   29    23    27     8    19	29.63	10000.00	 3112.01	-68.88%
1.00 1.00   3  10  30   5  15 0.10 	   29    24   187    86   101	45.99	10000.00	 5423.93	-45.76%
1.00 1.00   3  10  30   5  15 0.10 	   29    24     5     0     5	0.00	10000.00	 6118.73	-38.81%
1.00 1.00   3  10  30   5  15 0.10 	   29    24     8     1     7	12.50	10000.00	 4867.58	-51.32%
1.00 1.00   3  10  30   5  15 0.10 	   29    24    27    13    14	48.15	10000.00	 8372.75	-16.27%
1.00 1.00   3  10  30   5  15 0.10 	   29    24   112    40    72	35.71	10000.00	  676.29	-93.24%
1.00 1.00   3  10  30   5  15 0.10 	   29    24    14     3    11	21.43	10000.00	 4586.93	-54.13%
1.00 1.00   3  10  30   5  15 0.10 	   29    24    18     5    13	27.78	10000.00	 3295.10	-67.05%
1.00 1.00   3  10  30   5  15 0.10 	   29    24    18     5    13	27.78	10000.00	 3295.10	-67.05%
1.00 1.00   3  10  30   5  15 0.10 	   29    24    10     1     9	10.00	10000.00	 4965.77	-50.34%
1.00 1.00   3  10  30   5  15 0.10 	   29    24     8     1     7	12.50	10000.00	 4867.58	-51.32%
1.00 1.00   3  10  30   5  15 0.10 	   29    24    11     2     9	18.18	10000.00	 4749.02	-52.51%
1.00 1.00   3  10  30   5  15 0.10 	   29    24    11     2     9	18.18	10000.00	 4722.41	-52.78%
1.00 1.00   3  10  30   5  15 0.10 	   29    24   153    73    80	47.71	10000.00	10826.59	 +8.27%
1.00 1.00   3  10  30   5  15 0.10 	   29    24     6     0     6	0.00	10000.00	 5264.94	-47.35%
1.00 1.00   3  10  30   5  15 0.10 	   29    24   110    39    71	35.45	10000.00	 1051.22	-89.49%
1.00 1.00   3  10  30   5  15 0.10 	   29    24   117    65    52	55.56	10000.00	27366.01	+173.66%
1.00 1.00   3  10  30   5  15 0.10 	   29    23    61    24    37	39.34	10000.00	 3909.80	-60.90%
1.00 1.00   3  10  30   5  15 0.10 	   29    24     6     0     6	0.00	10000.00	 5264.94	-47.35%
1.00 1.00   3  10  30   5  15 0.10 	   29    23    15     3    12	20.00	10000.00	 4022.14	-59.78%
1.00 1.00   3  10  30   5  15 0.10 	   29    24     6     0     6	0.00	10000.00	 5502.07	-44.98%
1.00 1.00   3  10  30   5  15 0.10 	   29    24    11     2     9	18.18	10000.00	 4722.41	-52.78%
1.00 1.00   3  10  30   5  15 0.10 	   29    24    57    26    31	45.61	10000.00	 7597.76	-24.02%
1.00 1.00   3  10  30   5  15 0.10 	   29    24    10     1     9	10.00	10000.00	 4965.77	-50.34%
1.00 1.00   3  10  30   5  15 0.10 	   29    24   193    88   105	45.60	10000.00	 7019.76	-29.80%
1.00 1.00   3  10  30   5  15 0.10 	   29    24    23     5    18	21.74	10000.00	 2784.39	-72.16%
1.00 1.00   3  10  30   5  15 0.10 	   29    24   216    94   122	43.52	10000.00	 3172.89	-68.27%
1.00 1.00   3  10  30   5  15 0.10 	   29    24     5     0     5	0.00	10000.00	 6083.11	-39.17%
1.00 1.00   3  10  30   5  15 0.10 	   29    24    24     5    19	20.83	10000.00	 2415.76	-75.84%
1.00 1.00   3  10  30   5  15 0.10 	   29    24   152    70    82	46.05	10000.00	 6225.75	-37.74%
1.00 1.00   3  10  30   5  15 0.10 	   29    24    19     4    15	21.05	10000.00	 3187.91	-68.12%
1.00 1.00   3  10  30   5  15 0.10 	   29    24     6     0     6	0.00	10000.00	 5295.77	-47.04%
1.00 1.00   3  10  30   5  15 0.10 	   29    24   226   106   120	46.90	10000.00	 4044.35	-59.56%
1.00 1.00   3  10  30   5  15 0.10 	   29    24   264   115   149	43.56	10000.00	  817.58	-91.82%
1.00 1.00   3  10  30   5  15 0.10 	   29    24   156    81    75	51.92	10000.00	12847.82	+28.48%
1.00 1.00   3  10  30   5  15 0.10 	   29    24    24     6    18	25.00	10000.00	 2948.43	-70.52%
1.00 1.00   3  10  30   5  15 0.10 	   29    24     6     0     6	0.00	10000.00	 5334.78	-46.65%
1.00 1.00   3  10  30   5  15 0.10 	   29    24    43    13    30	30.23	10000.00	 1655.83	-83.44%
1.00 1.00   3  10  30   5  15 0.10 	   29    24     8     2     6	25.00	10000.00	 5484.65	-45.15%
1.00 1.00   3  10  30   5  15 0.10 	   29    24    24     7    17	29.17	10000.00	 3286.18	-67.14%
1.00 1.00   3  10  30   5  15 0.10 	   29    24    11     2     9	18.18	10000.00	 4749.02	-52.51%
1.00 1.00   3  10  30   5  15 0.10 	   29    24    11     1    10	9.09	10000.00	 4626.07	-53.74%
1.00 1.00   3  10  30   5  15 0.10 	   29    24    12     2    10	16.67	10000.00	 4390.32	-56.10%
1.00 1.00   3  10  30   5  15 0.10 	   29    24     6     0     6	0.00	10000.00	 5295.77	-47.04%
1.00 1.00   3  10  30   5  15 0.10 	   29    24    11     2     9	18.18	10000.00	 4785.23	-52.15%
1.00 1.00   3  10  30   5  15 0.10 	   29    23     9     2     7	22.22	10000.00	 5130.82	-48.69%
1.00 1.00   3  10  30   5  15 0.10 	   29    24    54    27    27	50.00	10000.00	 6631.07	-33.69%
1.00 1.00   3  10  30   5  15 0.10 	   29    24    44    14    30	31.82	10000.00	 1489.52	-85.10%
1.00 1.00   3  10  30   5  15 0.10 	   29    24   183    86    97	46.99	10000.00	 6448.45	-35.52%
1.00 1.00   3  10  30   5  15 0.10 	   29    24    17     5    12	29.41	10000.00	 4157.37	-58.43%
1.00 1.00   3  10  30   5  15 0.10 	   29    24    23     5    18	21.74	10000.00	 2907.28	-70.93%
1.00 1.00   3  10  30   5  15 0.10 	   29    24    22     4    18	18.18	10000.00	 2764.44	-72.36%
1.00 1.00   3  10  30   5  15 0.10 	   29    24   178    83    95	46.63	10000.00	 8392.48	-16.08%
1.00 1.00   3  10  30   5  15 0.10 	   29    24    45    21    24	46.67	10000.00	 6594.78	-34.05%
1.00 1.00   3  10  30   5  15 0.10 	   29    23    81    42    39	51.85	10000.00	 8435.19	-15.65%
1.00 1.00   3  10  30   5  15 0.10 	   29    24    12     3     9	25.00	10000.00	 4789.63	-52.10%
1.00 1.00   3  10  30   5  15 0.10 	   29    24   150    76    74	50.67	10000.00	10995.90	 +9.96%
1.00 1.00   3  10  30   5  15 0.10 	   29    24    17     5    12	29.41	10000.00	 4157.37	-58.43%
1.00 1.00   3  10  30   5  15 0.10 	   29    24     4     0     4	0.00	10000.00	 6459.67	-35.40%
1.00 1.00   3  10  30   5  15 0.10 	   29    24   264   115   149	43.56	10000.00	  817.58	-91.82%
1.00 1.00   3  10  30   5  15 0.10 	   29    24    13     2    11	15.38	10000.00	 4018.22	-59.82%
1.00 1.00   3  10  30   5  15 0.10 	   29    24    11     2     9	18.18	10000.00	 4722.41	-52.78%
1.00 1.00   3  10  30   5  15 0.10 	   29    24    10     2     8	20.00	10000.00	 4968.57	-50.31%
1.00 1.00   3  10  30   5  15 0.10 	   29    24    31    10    21	32.26	10000.00	 2616.13	-73.84%
1.00 1.00   3  10  30   5  15 0.10 	   29    24    40    12    28	30.00	10000.00	 1631.10	-83.69%
1.00 1.00   3  10  30   5  15 0.10 	   29    24    10     1     9	10.00	10000.00	 4965.77	-50.34%
1.00 1.00   3  10  30   5  15 0.10 	   29    24    42    17    25	40.48	10000.00	 4423.69	-55.76%
1.00 1.00   3  10  30   5  15 0.10 	   29    24   264   115   149	43.56	10000.00	  817.58	-91.82%
1.00 1.00   3  10  30   5  15 0.10 	   29    24   264   115   149	43.56	10000.00	  817.58	-91.82%
1.00 1.00   3  10  30   5  15 0.10 	   29    23    13     2    11	15.38	10000.00	 4234.68	-57.65%
1.00 1.00   3  10  30   5  15 0.10 	   29    24    12     2    10	16.67	10000.00	 4390.32	-56.10%
1.00 1.00   3  10  30   5  15 0.10 	   29    24    76    33    43	43.42	10000.00	 4687.11	-53.13%
1.00 1.00   3  10  30   5  15 0.10 	   29    24   192    88   104	45.83	10000.00	 6983.56	-30.16%
1.00 1.00   3  10  30   5  15 0.10 	   29    24     9     2     7	22.22	10000.00	 5130.82	-48.69%
1.00 1.00   3  10  30   5  15 0.10 	   29    22    13     3    10	23.08	10000.00	 4466.58	-55.33%
1.00 1.00   3  10  30   5  15 0.10 	   29    24    21     8    13	38.10	10000.00	 4394.90	-56.05%
1.00 1.00   3  10  30   5  15 0.10 	   29    24    10     1     9	10.00	10000.00	 4965.77	-50.34%
1.00 1.00   3  10  30   5  15 0.10 	   29    24    15     3    12	20.00	10000.00	 3894.80	-61.05%
1.00 1.00   3  10  30   5  15 0.10 	   29    24     5     0     5	0.00	10000.00	 6118.73	-38.81%
1.00 1.00   3  10  30   5  15 0.10 	   29    24    23     5    18	21.74	10000.00	 2996.83	-70.03%
1.00 1.00   3  10  30   5  15 0.10 	   29    22    12     2    10	16.67	10000.00	 4460.44	-55.40%
1.00 1.00   3  10  30   5  15 0.10 	   29    24    10     1     9	10.00	10000.00	 4965.77	-50.34%
1.00 1.00   3  10  30   5  15 0.10 	   29    24    13     2    11	15.38	10000.00	 4234.68	-57.65%
1.00 1.00   3  10  30   5  15 0.10 	   29    24    17     5    12	29.41	10000.00	 4159.28	-58.41%
1.00 1.00   3  10  30   5  15 0.10 	   29    24   129    69    60	53.49	10000.00	17787.48	+77.87%
1.00 1.00   3  10  30   5  15 0.10 	   29    24   264   115   149	43.56	10000.00	  817.58	-91.82%
1.00 1.00   3  10  30   5  15 0.10 	   29    24    17     5    12	29.41	10000.00	 4157.37	-58.43%
1.00 1.00   3  10  30   5  15 0.10 	   29    24     6     0     6	0.00	10000.00	 5264.94	-47.35%
1.00 1.00   3  10  30   5  15 0.10 	   29    23    10     1     9	10.00	10000.00	 4965.77	-50.34%
1.00 1.00   3  10  30   5  15 0.10 	   29    24    20     3    17	15.00	10000.00	 2837.14	-71.63%
1.00 1.00   3  10  30   5  15 0.10 	   29    24    26     8    18	30.77	10000.00	 2710.98	-72.89%
1.00 1.00   3  10  30   5  15 0.10 	   29    24    17     5    12	29.41	10000.00	 4103.00	-58.97%
1.00 1.00   3  10  30   5  15 0.10 	   29    24     7     1     6	14.29	10000.00	 5330.10	-46.70%
1.00 1.00   3  10  30   5  15 0.10 	   29    24    19     5    14	26.32	10000.00	 3135.45	-68.65%
1.00 1.00   3  10  30   5  15 0.10 	   29    24   213    93   120	43.66	10000.00	 2687.32	-73.13%
1.00 1.00   3  10  30   5  15 0.10 	   29    24    37    12    25	32.43	10000.00	 2542.60	-74.57%
1.00 1.00   3  10  30   5  15 0.10 	   29    24   113    62    51	54.87	10000.00	24080.85	+140.81%
1.00 1.00   3  10  30   5  15 0.10 	   29    24    23     5    18	21.74	10000.00	 2879.01	-71.21%
1.00 1.00   3  10  30   5  15 0.10 	   29    23   264   115   149	43.56	10000.00	  817.58	-91.82%
1.00 1.00   3  10  30   5  15 0.10 	   29    24    14     4    10	28.57	10000.00	 4568.64	-54.31%
1.00 1.00   3  10  30   5  15 0.10 	   29    24    14     2    12	14.29	10000.00	 3882.06	-61.18%
1.00 1.00   3  10  30   5  15 0.10 	   29    24    78    42    36	53.85	10000.00	 8082.38	-19.18%
1.00 1.00   3  10  30   5  15 0.10 	   29    23     7     1     6	14.29	10000.00	 5330.10	-46.70%
1.00 1.00   3  10  30   5  15 0.10 	   29    24     6     0     6	0.00	10000.00	 5366.02	-46.34%
1.00 1.00   3  10  30   5  15 0.10 	   29    24   127    67    60	52.76	10000.00	16589.60	+65.90%
1.00 1.00   3  10  30   5  15 0.10 	   29    24     6     0     6	0.00	10000.00	 5366.02	-46.34%
1.00 1.00   3  10  30   5  15 0.10 	   29    24    86    37    49	43.02	10000.00	 2735.70	-72.64%
1.00 1.00   3  10  30   5  15 0.10 	   29    24   264   115   149	43.56	10000.00	  817.58	-91.82%
1.00 1.00   3  10  30   5  15 0.10 	   29    24     6     0     6	0.00	10000.00	 5334.78	-46.65%
1.00 1.00   3  10  30   5  15 0.10 	   29    24    10     1     9	10.00	10000.00	 4965.77	-50.34%
1.00 1.00   3  10  30   5  15 0.10 	   29    24    23     5    18	21.74	10000.00	 2784.39	-72.16%
1.00 1.00   3  10  30   5  15 0.10 	   29    24    30    10    20	33.33	10000.00	 3121.65	-68.78%
1.00 1.00   3  10  30   5  15 0.10 	   29    24    23     5    18	21.74	10000.00	 2990.82	-70.09%
1.00 1.00   3  10  30   5  15 0.10 	   29    24    11     2     9	18.18	10000.00	 4722.41	-52.78%
1.00 1.00   3  10  30   5  15 0.10 	   29    24     6     0     6	0.00	10000.00	 5366.02	-46.34%
1.00 1.00   3  10  30   5  15 0.10 	   29    23    57    27    30	47.37	10000.00	 8428.83	-15.71%
1.00 1.00   3  10  30   5  15 0.10 	   29    24     5     0     5	0.00	10000.00	 6003.47	-39.97%
1.00 1.00   3  10  30   5  15 0.10 	   29    22   124    64    60	51.61	10000.00	13173.08	+31.73%
1.00 1.00   3  10  30   5  15 0.10 	   29    23   237   103   134	43.46	10000.00	 2663.92	-73.36%
1.00 1.00   3  10  30   5  15 0.10 	   29    24    42    12    30	28.57	10000.00	 1482.06	-85.18%
1.00 1.00   3  10  30   5  15 0.10 	   29    24   264   115   149	43.56	10000.00	  817.58	-91.82%
1.00 1.00   3  10  30   5  15 0.10 	   29    24    19     5    14	26.32	10000.00	 2876.20	-71.24%
1.00 1.00   3  10  30   5  15 0.10 	   29    24   240   103   137	42.92	10000.00	 2161.33	-78.39%
1.00 1.00   3  10  30   5  15 0.10 	   29    24    32    14    18	43.75	10000.00	 6143.18	-38.57%
1.00 1.00   3  10  30   5  15 0.10 	   29    24     6     0     6	0.00	10000.00	 5295.77	-47.04%
1.00 1.00   3  10  30   5  15 0.10 	   29    24   263   115   148	43.73	10000.00	  834.91	-91.65%
1.00 1.00   3  10  30   5  15 0.10 	   29    24   264   115   149	43.56	10000.00	  817.58	-91.82%
1.00 1.00   3  10  30   5  15 0.10 	   29    23   100    51    49	51.00	10000.00	13545.31	+35.45%
1.00 1.00   3  10  30   5  15 0.10 	   29    24     8     1     7	12.50	10000.00	 4867.58	-51.32%
1.00 1.00   3  10  30   5  15 0.10 	   29    24    10     1     9	10.00	10000.00	 4965.77	-50.34%
1.00 1.00   3  10  30   5  15 0.10 	   29    24    21     4    17	19.05	10000.00	 3154.25	-68.46%
1.00 1.00   3  10  30   5  15 0.10 	   29    24    10     1     9	10.00	10000.00	 4965.77	-50.34%
1.00 1.00   3  10  30   5  15 0.10 	   29    24   194    88   106	45.36	10000.00	 4881.18	-51.19%
1.00 1.00   3  10  30   5  15 0.10 	   29    24    89    34    55	38.20	10000.00	 1653.55	-83.46%
1.00 1.00   3  10  30   5  15 0.10 	   29    24     7     1     6	14.29	10000.00	 5299.06	-47.01%
1.00 1.00   3  10  30   5  15 0.10 	   29    24   115    61    54	53.04	10000.00	13653.60	+36.54%
1.00 1.00   3  10  30   5  15 0.10 	   29    24     6     0     6	0.00	10000.00	 5366.02	-46.34%
1.00 1.00   3  10  30   5  15 0.10 	   29    24    11     2     9	18.18	10000.00	 4628.68	-53.71%
1.00 1.00   3  10  30   5  15 0.10 	   29    24    22     4    18	18.18	10000.00	 2521.65	-74.78%
1.00 1.00   3  10  30   5  15 0.10 	   29    24   118    67    51	56.78	10000.00	29485.86	+194.86%
1.00 1.00   3  10  30   5  15 0.10 	   29    22    26     8    18	30.77	10000.00	 3019.07	-69.81%
1.00 1.00   3  10  30   5  15 0.10 	   29    24     6     0     6	0.00	10000.00	 5366.02	-46.34%
1.00 1.00   3  10  30   5  15 0.10 	   29    24    10     1     9	10.00	10000.00	 4965.77	-50.34%
1.00 1.00   3  10  30   5  15 0.10 	   29    24    13     3    10	23.08	10000.00	 4523.94	-54.76%
1.00 1.00   3  10  30   5  15 0.10 	   29    24   155    73    82	47.10	10000.00	11242.02	+12.42%
1.00 1.00   3  10  30   5  15 0.10 	   29    24    14     3    11	21.43	10000.00	 4021.91	-59.78%
1.00 1.00   3  10  30   5  15 0.10 	   29    24    11     2     9	18.18	10000.00	 4628.68	-53.71%
1.00 1.00   3  10  30   5  15 0.10 	   29    24   131    72    59	54.96	10000.00	23484.03	+134.84%
1.00 1.00   3  10  30   5  15 0.10 	   29    23   264   115   149	43.56	10000.00	  817.58	-91.82%
1.00 1.00   3  10  30   5  15 0.10 	   29    24    36    11    25	30.56	10000.00	 1937.25	-80.63%
1.00 1.00   3  10  30   5  15 0.10 	   29    24     8     1     7	12.50	10000.00	 4867.58	-51.32%
1.00 1.00   3  10  30   5  15 0.10 	   29    24    25     8    17	32.00	10000.00	 3705.52	-62.94%
1.00 1.00   3  10  30   5  15 0.10 	   29    24    25    11    14	44.00	10000.00	 5059.74	-49.40%
1.00 1.00   3  10  30   5  15 0.10 	   29    24     5     0     5	0.00	10000.00	 6148.13	-38.52%
1.00 1.00   3  10  30   5  15 0.10 	   29    24    18     3    15	16.67	10000.00	 3134.77	-68.65%
1.00 1.00   3  10  30   5  15 0.10 	   29    24   264   115   149	43.56	10000.00	  817.58	-91.82%
1.00 1.00   3  10  30   5  15 0.10 	   29    24    14     3    11	21.43	10000.00	 4114.04	-58.86%
1.00 1.00   3  10  30   5  15 0.10 	   29    24   161    76    85	47.20	10000.00	 6558.96	-34.41%
1.00 1.00   3  10  30   5  15 0.10 	   29    24   219    91   128	41.55	10000.00	  739.52	-92.60%
1.00 1.00   3  10  30   5  15 0.10 	   29    24   127    71    56	55.91	10000.00	25837.16	+158.37%
1.00 1.00   3  10  30   5  15 0.10 	   29    24    11     2     9	18.18	10000.00	 4722.41	-52.78%
1.00 1.00   3  10  30   5  15 0.10 	   29    24    17     5    12	29.41	10000.00	 4303.43	-56.97%
1.00 1.00   3  10  30   5  15 0.10 	   29    24    30    10    20	33.33	10000.00	 3121.65	-68.78%
1.00 1.00   3  10  30   5  15 0.10 	   29    24     5     0     5	0.00	10000.00	 6083.11	-39.17%
1.00 1.00   3  10  30   5  15 0.10 	   29    24    24     6    18	25.00	10000.00	 3108.58	-68.91%
1.00 1.00   3  10  30   5  15 0.10 	   29    24   193    87   106	45.08	10000.00	 3770.05	-62.30%
1.00 1.00   3  10  30   5  15 0.10 	   29    22    39    12    27	30.77	10000.00	 1608.39	-83.92%
1.00 1.00   3  10  30   5  15 0.10 	   29    24    40    15    25	37.50	10000.00	 3153.27	-68.47%
1.00 1.00   3  10  30   5  15 0.10 	   29    24    83    43    40	51.81	10000.00	12026.57	+20.27%
1.00 1.00   3  10  30   5  15 0.10 	   29    24    38    11    27	28.95	10000.00	 1723.59	-82.76%
1.00 1.00   3  10  30   5  15 0.10 	   29    24     8     1     7	12.50	10000.00	 4867.58	-51.32%
1.00 1.00   3  10  30   5  15 0.10 	   29    24    34    15    19	44.12	10000.00	 5929.31	-40.71%
1.00 1.00   3  10  30   5  15 0.10 	   29    24    51    25    26	49.02	10000.00	 8491.25	-15.09%
1.00 1.00   3  10  30   5  15 0.10 	   29    24    10     1     9	10.00	10000.00	 4965.77	-50.34%
1.00 1.00   3  10  30   5  15 0.10 	   29    24    11     2     9	18.18	10000.00	 4785.23	-52.15%
1.00 1.00   3  10  30   5  15 0.10 	   29    24   247   112   135	45.34	10000.00	 2151.50	-78.48%
1.00 1.00   3  10  30   5  15 0.10 	   29    24    11     2     9	18.18	10000.00	 4628.68	-53.71%
1.00 1.00   3  10  30   5  15 0.10 	   29    24    24     6    18	25.00	10000.00	 3211.83	-67.88%
1.00 1.00   3  10  30   5  15 0.10 	   29    24    24     6    18	25.00	10000.00	 3212.70	-67.87%
1.00 1.00   3  10  30   5  15 0.10 	   29    24    26     8    18	30.77	10000.00	 3255.36	-67.45%
1.00 1.00   3  10  30   5  15 0.10 	   29    24    99    50    49	50.51	10000.00	20436.89	+104.37%
1.00 1.00   3  10  30   5  15 0.10 	   29    24   158    76    82	48.10	10000.00	 9455.66	 -5.44%
1.00 1.00   3  10  30   5  15 0.10 	   29    24    28     8    20	28.57	10000.00	 2265.95	-77.34%
1.00 1.00   3  10  30   5  15 0.10 	   29    24    13     2    11	15.38	10000.00	 4234.68	-57.65%
1.00 1.00   3  10  30   5  15 0.10 	   29    24    24     6    18	25.00	10000.00	 3037.77	-69.62%
1.00 1.00   3  10  30   5  15 0.10 	   29    24     8     2     6	25.00	10000.00	 5837.23	-41.63%
1.00 1.00   3  10  30   5  15 0.10 	   29    24     6     0     6	0.00	10000.00	 5502.07	-44.98%
1.00 1.00   3  10  30   5  15 0.10 	   29    24    11     2     9	18.18	10000.00	 4722.41	-52.78%
1.00 1.00   3  10  30   5  15 0.10 	   29    24   258   112   146	43.41	10000.00	 2041.49	-79.59%
1.00 1.00   3  10  30   5  15 0.10 	   29    24   214    97   117	45.33	10000.00	 4642.09	-53.58%
1.00 1.00   3  10  30   5  15 0.10 	   29    24     7     1     6	14.29	10000.00	 5400.80	-45.99%
1.00 1.00   3  10  30   5  15 0.10 	   29    24    32     9    23	28.12	10000.00	 2109.26	-78.91%
1.00 1.00   3  10  30   5  15 0.10 	   29    23    16     5    11	31.25	10000.00	 4383.09	-56.17%
1.00 1.00   3  10  30   5  15 0.10 	   29    24    10     1     9	10.00	10000.00	 4965.77	-50.34%
1.00 1.00   3  10  30   5  15 0.10 	   29    24    22     5    17	22.73	10000.00	 3250.72	-67.49%
1.00 1.00   3  10  30   5  15 0.10 	   29    24   194    89   105	45.88	10000.00	 7704.26	-22.96%
1.00 1.00   3  10  30   5  15 0.10 	   29    24   100    47    53	47.00	10000.00	13058.92	+30.59%
1.00 1.00   3  10  30   5  15 0.10 	   29    24    11     1    10	9.09	10000.00	 4626.07	-53.74%
1.00 1.00   3  10  30   5  15 0.10 	   29    24   174    84    90	48.28	10000.00	 9227.05	 -7.73%
1.00 1.00   3  10  30   5  15 0.10 	   29    24   131    73    58	55.73	10000.00	21255.86	+112.56%
1.00 1.00   3  10  30   5  15 0.10 	   29    24     5     0     5	0.00	10000.00	 6083.11	-39.17%
1.00 1.00   3  10  30   5  15 0.10 	   29    24    37    11    26	29.73	10000.00	 1706.60	-82.93%
1.00 1.00   3  10  30   5  15 0.10 	   29    24   264   115   149	43.56	10000.00	  817.58	-91.82%
1.00 1.00   3  10  30   5  15 0.10 	   29    24   264   115   149	43.56	10000.00	  817.58	-91.82%
1.00 1.00   3  10  30   5  15 0.10 	   29    24   241   109   132	45.23	10000.00	 2828.27	-71.72%
1.00 1.00   3  10  30   5  15 0.10 	   29    24   264   115   149	43.56	10000.00	  817.58	-91.82%
1.00 1.00   3  10  30   5  15 0.10 	   29    24   194    82   112	42.27	10000.00	 1930.77	-80.69%
1.00 1.00   3  10  30   5  15 0.10 	   29    24    40    20    20	50.00	10000.00	 7577.13	-24.23%
1.00 1.00   3  10  30   5  15 0.10 	   29    24    88    45    43	51.14	10000.00	 5290.81	-47.09%
1.00 1.00   3  10  30   5  15 0.10 	   29    24    68    32    36	47.06	10000.00	 9555.50	 -4.44%
1.00 1.00   3  10  30   5  15 0.10 	   29    24    16     5    11	31.25	10000.00	 4414.00	-55.86%
1.00 1.00   3  10  30   5  15 0.10 	   29    24     4     0     4	0.00	10000.00	 6615.32	-33.85%
1.00 1.00   3  10  30   5  15 0.10 	   29    24     6     0     6	0.00	10000.00	 5366.02	-46.34%
1.00 1.00   3  10  30   5  15 0.10 	   29    24     9     2     7	22.22	10000.00	 5130.82	-48.69%
1.00 1.00   3  10  30   5  15 0.10 	   29    22    11     2     9	18.18	10000.00	 4749.02	-52.51%
1.00 1.00   3  10  30   5  15 0.10 	   29    23   184    83   101	45.11	10000.00	 3663.75	-63.36%
1.00 1.00   3  10  30   5  15 0.10 	   29    24    30    10    20	33.33	10000.00	 3121.65	-68.78%
1.00 1.00   3  10  30   5  15 0.10 	   29    24    13     3    10	23.08	10000.00	 4523.94	-54.76%
1.00 1.00   3  10  30   5  15 0.10 	   29    22    75    30    45	40.00	10000.00	 2235.16	-77.65%
1.00 1.00   3  10  30   5  15 0.10 	   29    24   264   115   149	43.56	10000.00	  817.58	-91.82%
1.00 1.00   3  10  30   5  15 0.10 	   29    24   124    69    55	55.65	10000.00	25004.93	+150.05%
1.00 1.00   3  10  30   5  15 0.10 	   29    24     6     0     6	0.00	10000.00	 5366.02	-46.34%
1.00 1.00   3  10  30   5  15 0.10 	   29    24   264   115   149	43.56	10000.00	  817.58	-91.82%
1.00 1.00   3  10  30   5  15 0.10 	   29    24    11     2     9	18.18	10000.00	 4785.23	-52.15%
1.00 1.00   3  10  30   5  15 0.10 	   29    23    15     3    12	20.00	10000.00	 4020.30	-59.80%
1.00 1.00   3  10  30   5  15 0.10 	   29    24   192    85   107	44.27	10000.00	 4798.40	-52.02%
1.00 1.00   3  10  30   5  15 0.10 	   29    24    16     4    12	25.00	10000.00	 3992.30	-60.08%
1.00 1.00   3  10  30   5  15 0.10 	   29    24    14     3    11	21.43	10000.00	 4098.47	-59.02%
1.00 1.00   3  10  30   5  15 0.10 	   29    24   178    82    96	46.07	10000.00	 4070.22	-59.30%
1.00 1.00   3  10  30   5  15 0.10 	   29    24     8     1     7	12.50	10000.00	 4867.58	-51.32%
1.00 1.00   3  10  30   5  15 0.10 	   29    24    22     5    17	22.73	10000.00	 3326.45	-66.74%
1.00 1.00   3  10  30   5  15 0.10 	   29    24     9     1     8	11.11	10000.00	 5585.13	-44.15%
1.00 1.00   3  10  30   5  15 0.10 	   29    24   178    84    94	47.19	10000.00	 6140.28	-38.60%
1.00 1.00   3  10  30   5  15 0.10 	   29    24    13     3    10	23.08	10000.00	 4526.01	-54.74%
1.00 1.00   3  10  30   5  15 0.10 	   29    24    26     7    19	26.92	10000.00	 2425.07	-75.75%
1.00 1.00   3  10  30   5  15 0.10 	   29    24    11     2     9	18.18	10000.00	 4628.68	-53.71%
1.00 1.00   3  10  30   5  15 0.10 	   29    24   264   115   149	43.56	10000.00	  817.58	-91.82%
1.00 1.00   3  10  30   5  15 0.10 	   29    23    22     4    18	18.18	10000.00	 2580.04	-74.20%
1.00 1.00   3  10  30   5  15 0.10 	   29    24     6     0     6	0.00	10000.00	 5264.94	-47.35%
1.00 1.00   3  10  30   5  15 0.10 	   29    24    16     4    12	25.00	10000.00	 4132.82	-58.67%
1.00 1.00   3  10  30   5  15 0.10 	   29    24    14     4    10	28.57	10000.00	 4516.75	-54.83%
1.00 1.00   3  10  30   5  15 0.10 	   29    24   198    92   106	46.46	10000.00	 6365.35	-36.35%
1.00 1.00   3  10  30   5  15 0.10 	   29    24     9     1     8	11.11	10000.00	 5585.13	-44.15%
1.00 1.00   3  10  30   5  15 0.10 	   29    24    18     3    15	16.67	10000.00	 3063.84	-69.36%
1.00 1.00   3  10  30   5  15 0.10 	   29    24    17     5    12	29.41	10000.00	 4157.37	-58.43%
1.00 1.00   3  10  30   5  15 0.10 	   29    24    21     4    17	19.05	10000.00	 3163.02	-68.37%
1.00 1.00   3  10  30   5  15 0.10 	   29    24   218    98   120	44.95	10000.00	 4065.96	-59.34%
1.00 1.00   3  10  30   5  15 0.10 	   29    24    23     5    18	21.74	10000.00	 2955.71	-70.44%
1.00 1.00   3  10  30   5  15 0.10 	   29    24   170    58   112	34.12	10000.00	  244.64	-97.55%
1.00 1.00   3  10  30   5  15 0.10 	   29    24    11     2     9	18.18	10000.00	 4628.68	-53.71%
1.00 1.00   3  10  30   5  15 0.10 	   29    24     9     1     8	11.11	10000.00	 5512.01	-44.88%
1.00 1.00   3  10  30   5  15 0.10 	   29    24    13     4     9	30.77	10000.00	 5866.85	-41.33%
1.00 1.00   3  10  30   5  15 0.10 	   29    24    23     6    17	26.09	10000.00	 3004.53	-69.95%
1.00 1.00   3  10  30   5  15 0.10 	   29    24    32    11    21	34.38	10000.00	 2745.30	-72.55%
1.00 1.00   3  10  30   5  15 0.10 	   29    24    22     4    18	18.18	10000.00	 2764.44	-72.36%
1.00 1.00   3  10  30   5  15 0.10 	   29    24     5     0     5	0.00	10000.00	 6118.73	-38.81%
1.00 1.00   3  10  30   5  15 0.10 	   29    24     8     1     7	12.50	10000.00	 4867.58	-51.32%
1.00 1.00   3  10  30   5  15 0.10 	   29    24    18     5    13	27.78	10000.00	 3295.10	-67.05%
1.00 1.00   3  10  30   5  15 0.10 	   29    24    31    10    21	32.26	10000.00	 2616.13	-73.84%
1.00 1.00   3  10  30   5  15 0.10 	   29    24    95    48    47	50.53	10000.00	20072.46	+100.72%
1.00 1.00   3  10  30   5  15 0.10 	   29    24    24     6    18	25.00	10000.00	 3178.63	-68.21%
1.00 1.00   3  10  30   5  15 0.10 	   29    24    19     3    16	15.79	10000.00	 2973.34	-70.27%
1.00 1.00   3  10  30   5  15 0.10 	   29    24   264   115   149	43.56	10000.00	  817.58	-91.82%
1.00 1.00   3  10  30   5  15 0.10 	   29    24    11     2     9	18.18	10000.00	 4533.68	-54.66%
1.00 1.00   3  10  30   5  15 0.10 	   29    24     7     1     6	14.29	10000.00	 5400.80	-45.99%
1.00 1.00   3  10  30   5  15 0.10 	   29    24    29     8    21	27.59	10000.00	 2100.76	-78.99%
1.00 1.00   3  10  30   5  15 0.10 	   29    24    31    10    21	32.26	10000.00	 2721.15	-72.79%
1.00 1.00   3  10  30   5  15 0.10 	   29    24    19     5    14	26.32	10000.00	 2879.88	-71.20%
1.00 1.00   3  10  30   5  15 0.10 	   29    24   112    55    57	49.11	10000.00	10124.21	 +1.24%
1.00 1.00   3  10  30   5  15 0.10 	   29    24   170    80    90	47.06	10000.00	 5386.83	-46.13%
1.00 1.00   3  10  30   5  15 0.10 	   29    24    35    19    16	54.29	10000.00	12391.07	+23.91%
1.00 1.00   3  10  30   5  15 0.10 	   29    24     5     0     5	0.00	10000.00	 6148.13	-38.52%
1.00 1.00   3  10  30   5  15 0.10 	   29    24    28     9    19	32.14	10000.00	 2643.33	-73.57%
1.00 1.00   3  10  30   5  15 0.10 	   29    23   226   106   120	46.90	10000.00	 3910.06	-60.90%
1.00 1.00   3  10  30   5  15 0.10 	   29    24     5     0     5	0.00	10000.00	 6118.73	-38.81%
1.00 1.00   3  10  30   5  15 0.10 	   29    24     5     0     5	0.00	10000.00	 6148.13	-38.52%
1.00 1.00   3  10  30   5  15 0.10 	   29    24    18     5    13	27.78	10000.00	 3295.10	-67.05%
1.00 1.00   3  10  30   5  15 0.10 	   29    24    11     2     9	18.18	10000.00	 4628.68	-53.71%
1.00 1.00   3  10  30   5  15 0.10 	   29    24    21     3    18	14.29	10000.00	 2447.27	-75.53%
1.00 1.00   3  10  30   5  15 0.10 	   29    24     8     0     8	0.00	10000.00	 5298.58	-47.01%
1.00 1.00   3  10  30   5  15 0.10 	   29    23   175    80    95	45.71	10000.00	 5251.59	-47.48%
1.00 1.00   3  10  30   5  15 0.10 	   29    24     6     0     6	0.00	10000.00	 5334.78	-46.65%
1.00 1.00   3  10  30   5  15 0.10 	   29    24   110    48    62	43.64	10000.00	 4584.92	-54.15%
1.00 1.00   3  10  30   5  15 0.10 	   29    24   120    68    52	56.67	10000.00	26647.14	+166.47%
1.00 1.00   3  10  30   5  15 0.10 	   29    24     6     0     6	0.00	10000.00	 5295.77	-47.04%
1.00 1.00   3  10  30   5  15 0.10 	   29    24    10     1     9	10.00	10000.00	 4965.77	-50.34%
1.00 1.00   3  10  30   5  15 0.10 	   29    24    22     4    18	18.18	10000.00	 2756.86	-72.43%
1.00 1.00   3  10  30   5  15 0.10 	   29    24    31    10    21	32.26	10000.00	 2721.15	-72.79%
1.00 1.00   3  10  30   5  15 0.10 	   29    24   264   115   149	43.56	10000.00	  817.58	-91.82%
1.00 1.00   3  10  30   5  15 0.10 	   29    24    14     3    11	21.43	10000.00	 4096.59	-59.03%
1.00 1.00   3  10  30   5  15 0.10 	   29    24   140    70    70	50.00	10000.00	13257.19	+32.57%
1.00 1.00   3  10  30   5  15 0.10 	   29    24   194    90   104	46.39	10000.00	 4829.71	-51.70%
1.00 1.00   3  10  30   5  15 0.10 	   29    23   168    77    91	45.83	10000.00	 6402.32	-35.98%
1.00 1.00   3  10  30   5  15 0.10 	   29    24    86    47    39	54.65	10000.00	19684.84	+96.85%
1.00 1.00   3  10  30   5  15 0.10 	   29    24   210    96   114	45.71	10000.00	 4352.54	-56.47%
1.00 1.00   3  10  30   5  15 0.10 	   29    24    16     4    12	25.00	10000.00	 3923.62	-60.76%
1.00 1.00   3  10  30   5  15 0.10 	   29    24    69    28    41	40.58	10000.00	 3129.36	-68.71%
1.00 1.00   3  10  30   5  15 0.10 	   29    24     7     1     6	14.29	10000.00	 5537.74	-44.62%
1.00 1.00   3  10  30   5  15 0.10 	   29    24    12     2    10	16.67	10000.00	 4519.78	-54.80%
1.00 1.00   3  10  30   5  15 0.10 	   29    24    16     4    12	25.00	10000.00	 4057.48	-59.43%
1.00 1.00   3  10  30   5  15 0.10 	   29    24     5     0     5	0.00	10000.00	 6148.13	-38.52%
1.00 1.00   3  10  30   5  15 0.10 	   29    24    23     5    18	21.74	10000.00	 2849.25	-71.51%
1.00 1.00   3  10  30   5  15 0.10 	   29    24    24     6    18	25.00	10000.00	 3070.36	-69.30%
1.00 1.00   3  10  30   5  15 0.10 	   29    24    17     5    12	29.41	10000.00	 3830.77	-61.69%
1.00 1.00   3  10  30   5  15 0.10 	   29    24    13     2    11	15.38	10000.00	 4230.74	-57.69%
1.00 1.00   3  10  30   5  15 0.10 	   29    24    12     1    11	8.33	10000.00	 4387.84	-56.12%
1.00 1.00   3  10  30   5  15 0.10 	   29    24    21     4    17	19.05	10000.00	 3163.02	-68.37%
1.00 1.00   3  10  30   5  15 0.10 	   29    24    15     4    11	26.67	10000.00	 4259.01	-57.41%
1.00 1.00   3  10  30   5  15 0.10 	   29    24    16     4    12	25.00	10000.00	 4059.33	-59.41%
1.00 1.00   3  10  30   5  15 0.10 	   29    24    11     2     9	18.18	10000.00	 4722.41	-52.78%
1.00 1.00   3  10  30   5  15 0.10 	   29    24   264   115   149	43.56	10000.00	  817.58	-91.82%
1.00 1.00   3  10  30   5  15 0.10 	   29    24    23     6    17	26.09	10000.00	 3175.95	-68.24%
1.00 1.00   3  10  30   5  15 0.10 	   29    24   193    86   107	44.56	10000.00	 2399.77	-76.00%
1.00 1.00   3  10  30   5  15 0.10 	   29    24    14     4    10	28.57	10000.00	 4516.75	-54.83%
1.00 1.00   3  10  30   5  15 0.10 	   29    24    11     2     9	18.18	10000.00	 4602.75	-53.97%
1.00 1.00   3  10  30   5  15 0.10 	   29    24     9     3     6	33.33	10000.00	 5719.09	-42.81%
1.00 1.00   3  10  30   5  15 0.10 	   29    24    12     2    10	16.67	10000.00	 4460.44	-55.40%
1.00 1.00   3  10  30   5  15 0.10 	   29    24   194    90   104	46.39	10000.00	 3353.45	-66.47%
1.00 1.00   3  10  30   5  15 0.10 	   29    24    27     7    20	25.93	10000.00	 2228.96	-77.71%
1.00 1.00   3  10  30   5  15 0.10 	   29    24     9     2     7	22.22	10000.00	 5130.82	-48.69%
1.00 1.00   3  10  30   5  15 0.10 	   29    24   142    70    72	49.30	10000.00	17211.37	+72.11%
1.00 1.00   3  10  30   5  15 0.10 	   29    24    34    13    21	38.24	10000.00	 3322.01	-66.78%
1.00 1.00   3  10  30   5  15 0.10 	   29    24     6     0     6	0.00	10000.00	 5264.94	-47.35%
1.00 1.00   3  10  30   5  15 0.10 	   29    23   264   115   149	43.56	10000.00	  817.58	-91.82%
1.00 1.00   3  10  30   5  15 0.10 	   29    23   213    91   122	42.72	10000.00	 2059.87	-79.40%
1.00 1.00   3  10  30   5  15 0.10 	   29    24   116    66    50	56.90	10000.00	33740.34	+237.40%
1.00 1.00   3  10  30   5  15 0.10 	   29    24    23     5    18	21.74	10000.00	 2651.66	-73.48%
1.00 1.00   3  10  30   5  15 0.10 	   29    24    23     5    18	21.74	10000.00	 2857.13	-71.43%
1.00 1.00   3  10  30   5  15 0.10 	   29    24     9     2     7	22.22	10000.00	 5130.82	-48.69%
1.00 1.00   3  10  30   5  15 0.10 	   29    24    13     2    11	15.38	10000.00	 4234.68	-57.65%
1.00 1.00   3  10  30   5  15 0.10 	   29    24    24     6    18	25.00	10000.00	 3008.13	-69.92%
1.00 1.00   3  10  30   5  15 0.10 	   29    24    16     5    11	31.25	10000.00	 4383.09	-56.17%
1.00 1.00   3  10  30   5  15 0.10 	   29    24    13     2    11	15.38	10000.00	 4092.83	-59.07%
1.00 1.00   3  10  30   5  15 0.10 	   29    24   126    70    56	55.56	10000.00	23522.40	+135.22%
1.00 1.00   3  10  30   5  15 0.10 	   29    24    18     5    13	27.78	10000.00	 3295.10	-67.05%
1.00 1.00   3  10  30   5  15 0.10 	   29    24   189    74   115	39.15	10000.00	  362.82	-96.37%
1.00 1.00   3  10  30   5  15 0.10 	   29    24     9     2     7	22.22	10000.00	 5130.82	-48.69%
1.00 1.00   3  10  30   5  15 0.10 	   29    24    24     7    17	29.17	10000.00	 3278.13	-67.22%
1.00 1.00   3  10  30   5  15 0.10 	   29    24   235   101   134	42.98	10000.00	 2524.47	-74.76%
1.00 1.00   3  10  30   5  15 0.10 	   29    24    10     1     9	10.00	10000.00	 4965.77	-50.34%
1.00 1.00   3  10  30   5  15 0.10 	   29    23    87    45    42	51.72	10000.00	18083.57	+80.84%
1.00 1.00   3  10  30   5  15 0.10 	   29    24    83    47    36	56.63	10000.00	19558.27	+95.58%
1.00 1.00   3  10  30   5  15 0.10 	   29    24    11     1    10	9.09	10000.00	 4626.07	-53.74%
1.00 1.00   3  10  30   5  15 0.10 	   29    24     6     0     6	0.00	10000.00	 5366.02	-46.34%
1.00 1.00   3  10  30   5  15 0.10 	   29    24    14     3    11	21.43	10000.00	 4096.59	-59.03%
1.00 1.00   3  10  30   5  15 0.10 	   29    24    84    48    36	57.14	10000.00	22085.47	+120.85%
1.00 1.00   3  10  30   5  15 0.10 	   29    24   189    88   101	46.56	10000.00	 4865.25	-51.35%
1.00 1.00   3  10  30   5  15 0.10 	   29    24   235   104   131	44.26	10000.00	 3013.96	-69.86%
1.00 1.00   3  10  30   5  15 0.10 	   29    24    19     3    16	15.79	10000.00	 2991.18	-70.09%
1.00 1.00   3  10  30   5  15 0.10 	   29    24    15     5    10	33.33	10000.00	 4681.12	-53.19%
1.00 1.00   3  10  30   5  15 0.10 	   29    24     5     0     5	0.00	10000.00	 6432.19	-35.68%
1.00 1.00   3  10  30   5  15 0.10 	   29    23    11     2     9	18.18	10000.00	 4785.23	-52.15%
1.00 1.00   3  10  30   5  15 0.10 	   29    23    54    17    37	31.48	10000.00	 1456.33	-85.44%
1.00 1.00   3  10  30   5  15 0.10 	   29    24   216   105   111	48.61	10000.00	 7892.90	-21.07%
1.00 1.00   3  10  30   5  15 0.10 	   29    24     5     0     5	0.00	10000.00	 6003.47	-39.97%
1.00 1.00   3  10  30   5  15 0.10 	   29    24    19     3    16	15.79	10000.00	 3579.57	-64.20%
1.00 1.00   3  10  30   5  15 0.10 	   29    23    19     3    16	15.79	10000.00	 2906.06	-70.94%
1.00 1.00   3  10  30   5  15 0.10 	   29    23   107    52    55	48.60	10000.00	 9424.75	 -5.75%
1.00 1.00   3  10  30   5  15 0.10 	   29    24    14     3    11	21.43	10000.00	 4240.51	-57.59%
1.00 1.00   3  10  30   5  15 0.10 	   29    24    50    24    26	48.00	10000.00	 7959.33	-20.41%
1.00 1.00   3  10  30   5  15 0.10 	   29    24   192    87   105	45.31	10000.00	 3543.59	-64.56%
1.00 1.00   3  10  30   5  15 0.10 	   29    24   100    51    49	51.00	10000.00	22076.47	+120.76%
1.00 1.00   3  10  30   5  15 0.10 	   29    23    17     5    12	29.41	10000.00	 4157.37	-58.43%
1.00 1.00   3  10  30   5  15 0.10 	   29    24    10     1     9	10.00	10000.00	 4965.77	-50.34%
1.00 1.00   3  10  30   5  15 0.10 	   29    24   128    66    62	51.56	10000.00	19490.23	+94.90%
1.00 1.00   3  10  30   5  15 0.10 	   29    24   264   115   149	43.56	10000.00	  817.58	-91.82%
1.00 1.00   3  10  30   5  15 0.10 	   29    24   188    85   103	45.21	10000.00	 3858.11	-61.42%
1.00 1.00   3  10  30   5  15 0.10 	   29    24    17     5    12	29.41	10000.00	 4157.37	-58.43%
1.00 1.00   3  10  30   5  15 0.10 	   29    24   264   115   149	43.56	10000.00	  817.58	-91.82%
1.00 1.00   3  10  30   5  15 0.10 	   29    24    71    28    43	39.44	10000.00	 1795.96	-82.04%
1.00 1.00   3  10  30   5  15 0.10 	   29    24    14     3    11	21.43	10000.00	 4021.91	-59.78%
1.00 1.00   3  10  30   5  15 0.10 	   29    24    53    27    26	50.94	10000.00	 5543.40	-44.57%
1.00 1.00   3  10  30   5  15 0.10 	   29    24    19     3    16	15.79	10000.00	 2906.06	-70.94%
1.00 1.00   3  10  30   5  15 0.10 	   29    24   174    83    91	47.70	10000.00	 6774.31	-32.26%
1.00 1.00   3  10  30   5  15 0.10 	   29    23    23     5    18	21.74	10000.00	 2919.37	-70.81%
1.00 1.00   3  10  30   5  15 0.10 	   29    24    12     2    10	16.67	10000.00	 4390.32	-56.10%
1.00 1.00   3  10  30   5  15 0.10 	   29    24     7     1     6	14.29	10000.00	 5537.74	-44.62%
1.00 1.00   3  10  30   5  15 0.10 	   29    24    18     8    10	44.44	10000.00	 5701.36	-42.99%
1.00 1.00   3  10  30   5  15 0.10 	   29    24    52    23    29	44.23	10000.00	 4222.69	-57.77%
1.00 1.00   3  10  30   5  15 0.10 	   29    24     9     2     7	22.22	10000.00	 5130.82	-48.69%
1.00 1.00   3  10  30   5  15 0.10 	   29    24     8     1     7	12.50	10000.00	 4867.58	-51.32%
1.00 1.00   3  10  30   5  15 0.10 	   29    24   204    93   111	45.59	10000.00	 3403.96	-65.96%
1.00 1.00   3  10  30   5  15 0.10 	   29    24     9     2     7	22.22	10000.00	 5130.82	-48.69%
1.00 1.00   3  10  30   5  15 0.10 	   29    24    20     3    17	15.00	10000.00	 2772.94	-72.27%
1.00 1.00   3  10  30   5  15 0.10 	   29    24    24     6    18	25.00	10000.00	 3108.58	-68.91%
1.00 1.00   3  10  30   5  15 0.10 	   29    24    10     1     9	10.00	10000.00	 4965.77	-50.34%
1.00 1.00   3  10  30   5  15 0.10 	   29    24     7     1     6	14.29	10000.00	 5400.80	-45.99%
1.00 1.00   3  10  30   5  15 0.10 	   29    24     4     0     4	0.00	10000.00	 6615.32	-33.85%
1.00 1.00   3  10  30   5  15 0.10 	   29    24    10     1     9	10.00	10000.00	 4965.77	-50.34%
1.00 1.00   3  10  30   5  15 0.10 	   29    23   264   115   149	43.56	10000.00	  817.58	-91.82%
1.00 1.00   3  10  30   5  15 0.10 	   29    24   118    65    53	55.08	10000.00	26440.42	+164.40%
1.00 1.00   3  10  30   5  15 0.10 	   29    24    10     1     9	10.00	10000.00	 4965.77	-50.34%
1.00 1.00   3  10  30   5  15 0.10 	   29    24   264   115   149	43.56	10000.00	  817.58	-91.82%
1.00 1.00   3  10  30   5  15 0.10 	   29    24     3     0     3	0.00	10000.00	 7544.03	-24.56%
1.00 1.00   3  10  30   5  15 0.10 	   29    24     6     0     6	0.00	10000.00	 5366.02	-46.34%
1.00 1.00   3  10  30   5  15 0.10 	   29    24    15     3    12	20.00	10000.00	 3852.12	-61.48%
1.00 1.00   3  10  30   5  15 0.10 	   29    24    24     6    18	25.00	10000.00	 3051.96	-69.48%
1.00 1.00   3  10  30   5  15 0.10 	   29    24   116    64    52	55.17	10000.00	37017.23	+270.17%
1.00 1.00   3  10  30   5  15 0.10 	   29    24    13     4     9	30.77	10000.00	 4987.93	-50.12%
1.00 1.00   3  10  30   5  15 0.10 	   29    24    15     4    11	26.67	10000.00	 4229.19	-57.71%
1.00 1.00   3  10  30   5  15 0.10 	   29    24   169    79    90	46.75	10000.00	 5718.38	-42.82%
1.00 1.00   3  10  30   5  15 0.10 	   29    23     7     1     6	14.29	10000.00	 5400.80	-45.99%
1.00 1.00   3  10  30   5  15 0.10 	   29    24    22     5    17	22.73	10000.00	 3028.38	-69.72%
1.00 1.00   3  10  30   5  15 0.10 	   29    23    29     9    20	31.03	10000.00	 2645.70	-73.54%
1.00 1.00   3  10  30   5  15 0.10 	   29    24    39    20    19	51.28	10000.00	10246.99	 +2.47%
1.00 1.00   3  10  30   5  15 0.10 	   29    24     6     0     6	0.00	10000.00	 5502.07	-44.98%
1.00 1.00   3  10  30   5  15 0.10 	   29    24     5     0     5	0.00	10000.00	 6083.11	-39.17%
1.00 1.00   3  10  30   5  15 0.10 	   29    23    10     2     8	20.00	10000.00	 4968.57	-50.31%
1.00 1.00   3  10  30   5  15 0.10 	   29    24     7     1     6	14.29	10000.00	 5299.06	-47.01%
1.00 1.00   3  10  30   5  15 0.10 	   29    24     9     1     8	11.11	10000.00	 5585.13	-44.15%
1.00 1.00   3  10  30   5  15 0.10 	   29    24     9     1     8	11.11	10000.00	 5585.13	-44.15%
1.00 1.00   3  10  30   5  15 0.10 	   29    24     6     0     6	0.00	10000.00	 5334.78	-46.65%
1.00 1.00   3  10  30   5  15 0.10 	   29    24     9     1     8	11.11	10000.00	 5585.13	-44.15%
1.00 1.00   3  10  30   5  15 0.10 	   29    24   264   115   149	43.56	10000.00	  817.58	-91.82%
1.00 1.00   3  10  30   5  15 0.10 	   29    24    16     3    13	18.75	10000.00	 3573.55	-64.26%
1.00 1.00   3  10  30   5  15 0.10 	   29    24    17     2    15	11.76	10000.00	 2956.25	-70.44%
1.00 1.00   3  10  30   5  15 0.10 	   29    24    78    40    38	51.28	10000.00	20705.90	+107.06%
1.00 1.00   3  10  30   5  15 0.10 	   29    24    17     5    12	29.41	10000.00	 4157.37	-58.43%
1.00 1.00   3  10  30   5  15 0.10 	   29    24    30    10    20	33.33	10000.00	 3121.65	-68.78%
1.00 1.00   3  10  30   5  15 0.10 	   29    23    10     1     9	10.00	10000.00	 4965.77	-50.34%
1.00 1.00   3  10  30   5  15 0.10 	   29    24     5     0     5	0.00	10000.00	 6083.11	-39.17%
1.00 1.00   3  10  30   5  15 0.10 	   29    24     9     2     7	22.22	10000.00	 5130.82	-48.69%
1.00 1.00   3  10  30   5  15 0.10 	   29    24    22     4    18	18.18	10000.00	 2728.37	-72.72%
1.00 1.00   3  10  30   5  15 0.10 	   29    24    10     1     9	10.00	10000.00	 4965.77	-50.34%
1.00 1.00   3  10  30   5  15 0.10 	   29    24   169    78    91	46.15	10000.00	 5356.56	-46.43%
1.00 1.00   3  10  30   5  15 0.10 	   29    24     5     0     5	0.00	10000.00	 6118.73	-38.81%
1.00 1.00   3  10  30   5  15 0.10 	   29    24     7     1     6	14.29	10000.00	 5537.74	-44.62%
1.00 1.00   3  10  30   5  15 0.10 	   29    24    14     2    12	14.29	10000.00	 4016.61	-59.83%
1.00 1.00   3  10  30   5  15 0.10 	   29    24     7     1     6	14.29	10000.00	 5537.74	-44.62%
1.00 1.00   3  10  30   5  15 0.10 	   29    24     6     0     6	0.00	10000.00	 5334.78	-46.65%
1.00 1.00   3  10  30   5  15 0.10 	   29    24    69    38    31	55.07	10000.00	17596.99	+75.97%
1.00 1.00   3  10  30   5  15 0.10 	   29    24    14     3    11	21.43	10000.00	 4021.91	-59.78%
