1.00 1.00   3  10  30   5  15 0.10 	   29    24   114    63    51	55.26	10000.00	19998.85	+99.99%
1.00 1.00   3  10  30   5  15 0.10 	   29    24   264   143   121	54.17	10000.00	 3632.36	-63.68%
1.00 1.00   3  10  30   5  15 0.10 	   29    24     0     0     0	-nan	10000.00	10000.00	 +0.00%
1.00 1.00   3  10  30   5  15 0.10 	   29    24     0     0     0	-nan	10000.00	10000.00	 +0.00%
1.00 1.00   3  10  30   5  15 0.10 	   29    24   212   114    98	53.77	10000.00	 4880.50	-51.20%
1.00 1.00   3  10  30   5  15 0.10 	   29    24     0     0     0	-nan	10000.00	10000.00	 +0.00%
1.00 1.00   3  10  30   5  15 0.10 	   29    24     6     1     5	16.67	10000.00	 8746.24	-12.54%
1.00 1.00   3  10  30   5  15 0.10 	   29    24     0     0     0	-nan	10000.00	10000.00	 +0.00%
1.00 1.00   3  10  30   5  15 0.10 	   29    22    35    12    23	34.29	10000.00	 3809.74	-61.90%
1.00 1.00   3  10  30   5  15 0.10 	   29    24   189   100    89	52.91	10000.00	 5812.00	-41.88%
1.00 1.00   3  10  30   5  15 0.10 	   29    24     0     0     0	-nan	10000.00	10000.00	 +0.00%
1.00 1.00   3  10  30   5  15 0.10 	   29    24     0     0     0	-nan	10000.00	10000.00	 +0.00%
1.00 1.00   3  10  30   5  15 0.10 	   29    24     0     0     0	-nan	10000.00	10000.00	 +0.00%
1.00 1.00   3  10  30   5  15 0.10 	   29    24     0     0     0	-nan	10000.00	10000.00	 +0.00%
1.00 1.00   3  10  30   5  15 0.10 	   29    24   264   143   121	54.17	10000.00	 3632.36	-63.68%
1.00 1.00   3  10  30   5  15 0.10 	   29    23     9     2     7	22.22	10000.00	 7637.24	-23.63%
1.00 1.00   3  10  30   5  15 0.10 	   29    24     0     0     0	-nan	10000.00	10000.00	 +0.00%
1.00 1.00   3  10  30   5  15 0.10 	   29    24     0     0     0	-nan	10000.00	10000.00	 +0.00%
1.00 1.00   3  10  30   5  15 0.10 	   29    24   264   143   121	54.17	10000.00	 3632.36	-63.68%
1.00 1.00   3  10  30   5  15 0.10 	   29    24     6     1     5	16.67	10000.00	 8746.24	-12.54%
1.00 1.00   3  10  30   5  15 0.10 	   29    24     0     0     0	-nan	10000.00	10000.00	 +0.00%
1.00 1.00   3  10  30   5  15 0.10 	   29    23     0     0     0	-nan	10000.00	10000.00	 +0.00%
1.00 1.00   3  10  30   5  15 0.10 	   29    24     0     0     0	-nan	10000.00	10000.00	 +0.00%
1.00 1.00   3  10  30   5  15 0.10 	   29    24     0     0     0	-nan	10000.00	10000.00	 +0.00%
1.00 1.00   3  10  30   5  15 0.10 	   29    24   236   121   115	51.27	10000.00	 6677.05	-33.23%
1.00 1.00   3  10  30   5  15 0.10 	   29    24     8     2     6	25.00	10000.00	 8618.53	-13.81%
1.00 1.00   3  10  30   5  15 0.10 	   29    24   145    79    66	54.48	10000.00	 3827.14	-61.73%
1.00 1.00   3  10  30   5  15 0.10 	   29    24   198   113    85	57.07	10000.00	 6133.76	-38.66%
1.00 1.00   3  10  30   5  15 0.10 	   29    24   111    63    48	56.76	10000.00	 9497.43	 -5.03%
1.00 1.00   3  10  30   5  15 0.10 	   29    24     1     0     1	0.00	10000.00	 9496.12	 -5.04%
1.00 1.00   3  10  30   5  15 0.10 	   29    24    51    32    19	62.75	10000.00	27539.35	+175.39%
1.00 1.00   3  10  30   5  15 0.10 	   29    24   232   120   112	51.72	10000.00	10570.54	 +5.71%
1.00 1.00   3  10  30   5  15 0.10 	   29    24   179   100    79	55.87	10000.00	 7838.69	-21.61%
1.00 1.00   3  10  30   5  15 0.10 	   29    23    10     3     7	30.00	10000.00	 7728.05	-22.72%
1.00 1.00   3  10  30   5  15 0.10 	   29    24   121    67    54	55.37	10000.00	 4626.51	-53.73%
1.00 1.00   3  10  30   5  15 0.10 	   29    24     0     0     0	-nan	10000.00	10000.00	 +0.00%
1.00 1.00   3  10  30   5  15 0.10 	   29    24   264   143   121	54.17	10000.00	 3632.36	-63.68%
1.00 1.00   3  10  30   5  15 0.10 	   29    24     0     0     0	-nan	10000.00	10000.00	 +0.00%
1.00 1.00   3  10  30   5  15 0.10 	   29    24     0     0     0	-nan	10000.00	10000.00	 +0.00%
1.00 1.00   3  10  30   5  15 0.10 	   29    24   128    66    62	51.56	10000.00	 3618.57	-63.81%
1.00 1.00   3  10  30   5  15 0.10 	   29    24    10     2     8	20.00	10000.00	 7301.28	-26.99%
1.00 1.00   3  10  30   5  15 0.10 	   29    24     6     2     4	33.33	10000.00	 9108.17	 -8.92%
1.00 1.00   3  10  30   5  15 0.10 	   29    24   264   143   121	54.17	10000.00	 3632.36	-63.68%
1.00 1.00   3  10  30   5  15 0.10 	   29    24   181    92    89	50.83	10000.00	 2825.11	-71.75%
1.00 1.00   3  10  30   5  15 0.10 	   29    24   255   141   114	55.29	10000.00	14127.54	+41.28%
1.00 1.00   3  10  30   5  15 0.10 	   29    24    11     3     8	27.27	10000.00	 7086.23	-29.14%
1.00 1.00   3  10  30   5  15 0.10 	   29    24     6     1     5	16.67	10000.00	 8750.55	-12.49%
1.00 1.00   3  10  30   5  15 0.10 	   29    24     0     0     0	-nan	10000.00	10000.00	 +0.00%
1.00 1.00   3  10  30   5  15 0.10 	   29    24   231   128   103	55.41	10000.00	35709.98	+257.10%
1.00 1.00   3  10  30   5  15 0.10 	   29    24    18     6    12	33.33	10000.00	 6522.84	-34.77%
1.00 1.00   3  10  30   5  15 0.10 	   29    24   264   143   121	54.17	10000.00	 3632.36	-63.68%
1.00 1.00   3  10  30   5  15 0.10 	   29    24   210   115    95	54.76	10000.00	 5676.26	-43.24%
1.00 1.00   3  10  30   5  15 0.10 	   29    24   236   129   107	54.66	10000.00	 4575.63	-54.24%
1.00 1.00   3  10  30   5  15 0.10 	   29    24   264   143   121	54.17	10000.00	 3632.36	-63.68%
1.00 1.00   3  10  30   5  15 0.10 	   29    24    39    19    20	48.72	10000.00	 5740.92	-42.59%
1.00 1.00   3  10  30   5  15 0.10 	   29    24     3     0     3	0.00	10000.00	 8908.56	-10.91%
1.00 1.00   3  10  30   5  15 0.10 	   29    24     0     0     0	-nan	10000.00	10000.00	 +0.00%
1.00 1.00   3  10  30   5  15 0.10 	   29    24    50    22    28	44.00	10000.00	 4766.20	-52.34%
1.00 1.00   3  10  30   5  15 0.10 	   29    23    36    14    22	38.89	10000.00	 3979.07	-60.21%
1.00 1.00   3  10  30   5  15 0.10 	   29    24   165    88    77	53.33	10000.00	 3880.37	-61.20%
1.00 1.00   3  10  30   5  15 0.10 	   29    24   192   107    85	55.73	10000.00	 4595.95	-54.04%
1.00 1.00   3  10  30   5  15 0.10 	   29    24    83    46    37	55.42	10000.00	 9845.92	 -1.54%
1.00 1.00   3  10  30   5  15 0.10 	   29    24   264   143   121	54.17	10000.00	 3632.36	-63.68%
1.00 1.00   3  10  30   5  15 0.10 	   29    24    61    35    26	57.38	10000.00	 5471.21	-45.29%
1.00 1.00   3  10  30   5  15 0.10 	   29    24   264   143   121	54.17	10000.00	 3632.36	-63.68%
1.00 1.00   3  10  30   5  15 0.10 	   29    22    10     3     7	30.00	10000.00	 7554.06	-24.46%
1.00 1.00   3  10  30   5  15 0.10 	   29    24     0     0     0	-nan	10000.00	10000.00	 +0.00%
1.00 1.00   3  10  30   5  15 0.10 	   29    24   121    68    53	56.20	10000.00	 5223.38	-47.77%
1.00 1.00   3  10  30   5  15 0.10 	   29    24     0     0     0	-nan	10000.00	10000.00	 +0.00%
1.00 1.00   3  10  30   5  15 0.10 	   29    24     0     0     0	-nan	10000.00	10000.00	 +0.00%
1.00 1.00   3  10  30   5  15 0.10 	   29    21   264   143   121	54.17	10000.00	 3632.36	-63.68%
1.00 1.00   3  10  30   5  15 0.10 	   29    24     1     0     1	0.00	10000.00	 9724.10	 -2.76%
1.00 1.00   3  10  30   5  15 0.10 	   29    24     0     0     0	-nan	10000.00	10000.00	 +0.00%
1.00 1.00   3  10  30   5  15 0.10 	   29    23   103    57    46	55.34	10000.00	 7323.54	-26.76%
1.00 1.00   3  10  30   5  15 0.10 	   29    24     0     0     0	-nan	10000.00	10000.00	 +0.00%
1.00 1.00   3  10  30   5  15 0.10 	   29    24     3     0     3	0.00	10000.00	 8908.56	-10.91%
1.00 1.00   3  10  30   5  15 0.10 	   29    24     0     0     0	-nan	10000.00	10000.00	 +0.00%
1.00 1.00   3  10  30   5  15 0.10 	   29    23     0     0     0	-nan	10000.00	10000.00	 +0.00%
1.00 1.00   3  10  30   5  15 0.10 	   29    23    21     8    13	38.10	10000.00	 5901.23	-40.99%
1.00 1.00   3  10  30   5  15 0.10 	   29    24   192   108    84	56.25	10000.00	 4946.09	-50.54%
1.00 1.00   3  10  30   5  15 0.10 	   29    24   264   143   121	54.17	10000.00	 3632.36	-63.68%
1.00 1.00   3  10  30   5  15 0.10 	   29    24   264   142   122	53.79	10000.00	 3421.07	-65.79%
1.00 1.00   3  10  30   5  15 0.10 	   29    24   250   141   109	56.40	10000.00	 6406.39	-35.94%
1.00 1.00   3  10  30   5  15 0.10 	   29    24     0     0     0	-nan	10000.00	10000.00	 +0.00%
1.00 1.00   3  10  30   5  15 0.10 	   29    24     0     0     0	-nan	10000.00	10000.00	 +0.00%
1.00 1.00   3  10  30   5  15 0.10 	   29    24     0     0     0	-nan	10000.00	10000.00	 +0.00%
1.00 1.00   3  10  30   5  15 0.10 	   29    24    43    15    28	34.88	10000.00	 3534.41	-64.66%
1.00 1.00   3  10  30   5  15 0.10 	   29    24     0     0     0	-nan	10000.00	10000.00	 +0.00%
1.00 1.00   3  10  30   5  15 0.10 	   29    21     0     0     0	-nan	10000.00	10000.00	 +0.00%
1.00 1.00   3  10  30   5  15 0.10 	   29    24     0     0     0	-nan	10000.00	10000.00	 +0.00%
1.00 1.00   3  10  30   5  15 0.10 	   29    24     7     1     6	14.29	10000.00	 8356.25	-16.44%
1.00 1.00   3  10  30   5  15 0.10 	   29    24    47    22    25	46.81	10000.00	 2015.25	-79.85%
1.00 1.00   3  10  30   5  15 0.10 	   29    24     0     0     0	-nan	10000.00	10000.00	 +0.00%
1.00 1.00   3  10  30   5  15 0.10 	   29    24    75    36    39	48.00	10000.00	 5114.46	-48.86%
1.00 1.00   3  10  30   5  15 0.10 	   29    24     0     0     0	-nan	10000.00	10000.00	 +0.00%
1.00 1.00   3  10  30   5  15 0.10 	   29    24     8     3     5	37.50	10000.00	 9228.35	 -7.72%
1.00 1.00   3  10  30   5  15 0.10 	   29    24   264   143   121	54.17	10000.00	 3632.36	-63.68%
1.00 1.00   3  10  30   5  15 0.10 	   29    24     0     0     0	-nan	10000.00	10000.00	 +0.00%
1.00 1.00   3  10  30   5  15 0.10 	   29    24     0     0     0	-nan	10000.00	10000.00	 +0.00%
1.00 1.00   3  10  30   5  15 0.10 	   29    24   264   143   121	54.17	10000.00	 3632.36	-63.68%
1.00 1.00   3  10  30   5  15 0.10 	   29    24     0     0     0	-nan	10000.00	10000.00	 +0.00%
1.00 1.00   3  10  30   5  15 0.10 	   29    24     0     0     0	-nan	10000.00	10000.00	 +0.00%
1.00 1.00   3  10  30   5  15 0.10 	   29    24     1     0     1	0.00	10000.00	 9672.97	 -3.27%
1.00 1.00   3  10  30   5  15 0.10 	   29    24     0     0     0	-nan	10000.00	10000.00	 +0.00%
1.00 1.00   3  10  30   5  15 0.10 	   29    24     2     0     2	0.00	10000.00	 9240.93	 -7.59%
1.00 1.00   3  10  30   5  15 0.10 	   29    24     0     0     0	-nan	10000.00	10000.00	 +0.00%
1.00 1.00   3  10  30   5  15 0.10 	   29    24   132    68    64	51.52	10000.00	 4760.22	-52.40%
1.00 1.00   3  10  30   5  15 0.10 	   29    24     0     0     0	-nan	10000.00	10000.00	 +0.00%
1.00 1.00   3  10  30   5  15 0.10 	   29    24     0     0     0	-nan	10000.00	10000.00	 +0.00%
1.00 1.00   3  10  30   5  15 0.10 	   29    24    24     7    17	29.17	10000.00	 4126.94	-58.73%
1.00 1.00   3  10  30   5  15 0.10 	   29    24     0     0     0	-nan	10000.00	10000.00	 +0.00%
1.00 1.00   3  10  30   5  15 0.10 	   29    24   140    75    65	53.57	10000.00	 4156.75	-58.43%
1.00 1.00   3  10  30   5  15 0.10 	   29    24    10     3     7	30.00	10000.00	 7853.17	-21.47%
1.00 1.00   3  10  30   5  15 0.10 	   29    24   234   129   105	55.13	10000.00	 5637.63	-43.62%
1.00 1.00   3  10  30   5  15 0.10 	   29    24    11     6     5	54.55	10000.00	10993.33	 +9.93%
1.00 1.00   3  10  30   5  15 0.10 	   29    24   245   129   116	52.65	10000.00	 3686.67	-63.13%
1.00 1.00   3  10  30   5  15 0.10 	   29    24     6     4     2	66.67	10000.00	14098.52	+40.99%
1.00 1.00   3  10  30   5  15 0.10 	   29    24     1     0     1	0.00	10000.00	 9724.10	 -2.76%
1.00 1.00   3  10  30   5  15 0.10 	   29    24   221   122    99	55.20	10000.00	11023.75	+10.24%
1.00 1.00   3  10  30   5  15 0.10 	   29    24     0     0     0	-nan	10000.00	10000.00	 +0.00%
1.00 1.00   3  10  30   5  15 0.10 	   29    24   264   143   121	54.17	10000.00	 3632.36	-63.68%
1.00 1.00   3  10  30   5  15 0.10 	   29    22     0     0     0	-nan	10000.00	10000.00	 +0.00%
1.00 1.00   3  10  30   5  15 0.10 	   29    24    14     4    10	28.57	10000.00	 7360.88	-26.39%
1.00 1.00   3  10  30   5  15 0.10 	   29    24     2     0     2	0.00	10000.00	 9428.11	 -5.72%
1.00 1.00   3  10  30   5  15 0.10 	   29    24     0     0     0	-nan	10000.00	10000.00	 +0.00%
1.00 1.00   3  10  30   5  15 0.10 	   29    24     0     0     0	-nan	10000.00	10000.00	 +0.00%
1.00 1.00   3  10  30   5  15 0.10 	   29    24   189    95    94	50.26	10000.00	 4202.85	-57.97%
1.00 1.00   3  10  30   5  15 0.10 	   29    24   178    99    79	55.62	10000.00	 4253.20	-57.47%
1.00 1.00   3  10  30   5  15 0.10 	   29    24     0     0     0	-nan	10000.00	10000.00	 +0.00%
1.00 1.00   3  10  30   5  15 0.10 	   29    24    20     6    14	30.00	10000.00	 5235.03	-47.65%
1.00 1.00   3  10  30   5  15 0.10 	   29    24   100    51    49	51.00	10000.00	 6302.13	-36.98%
1.00 1.00   3  10  30   5  15 0.10 	   29    24     9     1     8	11.11	10000.00	 6972.43	-30.28%
1.00 1.00   3  10  30   5  15 0.10 	   29    24     0     0     0	-nan	10000.00	10000.00	 +0.00%
1.00 1.00   3  10  30   5  15 0.10 	   29    24     0     0     0	-nan	10000.00	10000.00	 +0.00%
1.00 1.00   3  10  30   5  15 0.10 	   29    24     7     1     6	14.29	10000.00	 8074.29	-19.26%
1.00 1.00   3  10  30   5  15 0.10 	   29    24   264   143   121	54.17	10000.00	 3632.36	-63.68%
1.00 1.00   3  10  30   5  15 0.10 	   29    24     0     0     0	-nan	10000.00	10000.00	 +0.00%
1.00 1.00   3  10  30   5  15 0.10 	   29    23   165    89    76	53.94	10000.00	 4974.87	-50.25%
1.00 1.00   3  10  30   5  15 0.10 	   29    24     0     0     0	-nan	10000.00	10000.00	 +0.00%
1.00 1.00   3  10  30   5  15 0.10 	   29    24     1     0     1	0.00	10000.00	 9672.97	 -3.27%
1.00 1.00   3  10  30   5  15 0.10 	   29    24    38    22    16	57.89	10000.00	 5165.87	-48.34%
1.00 1.00   3  10  30   5  15 0.10 	   29    24     0     0     0	-nan	10000.00	10000.00	 +0.00%
1.00 1.00   3  10  30   5  15 0.10 	   29    24     0     0     0	-nan	10000.00	10000.00	 +0.00%
1.00 1.00   3  10  30   5  15 0.10 	   29    24     3     0     3	0.00	10000.00	 8867.85	-11.32%
1.00 1.00   3  10  30   5  15 0.10 	   29    24   188    96    92	51.06	10000.00	 4496.88	-55.03%
1.00 1.00   3  10  30   5  15 0.10 	   29    24    12     2    10	16.67	10000.00	 7257.01	-27.43%
1.00 1.00   3  10  30   5  15 0.10 	   29    24    17     6    11	35.29	10000.00	 7271.74	-27.28%
1.00 1.00   3  10  30   5  15 0.10 	   29    24   183    99    84	54.10	10000.00	 4517.87	-54.82%
1.00 1.00   3  10  30   5  15 0.10 	   29    23    33    17    16	51.52	10000.00	 2685.75	-73.14%
1.00 1.00   3  10  30   5  15 0.10 	   29    22    16     5    11	31.25	10000.00	 7018.46	-29.82%
1.00 1.00   3  10  30   5  15 0.10 	   29    24     0     0     0	-nan	10000.00	10000.00	 +0.00%
1.00 1.00   3  10  30   5  15 0.10 	   29    24     1     0     1	0.00	10000.00	 9672.97	 -3.27%
1.00 1.00   3  10  30   5  15 0.10 	   29    23     0     0     0	-nan	10000.00	10000.00	 +0.00%
1.00 1.00   3  10  30   5  15 0.10 	   29    24     0     0     0	-nan	10000.00	10000.00	 +0.00%
1.00 1.00   3  10  30   5  15 0.10 	   29    24   208   110    98	52.88	10000.00	 3245.11	-67.55%
1.00 1.00   3  10  30   5  15 0.10 	   29    24     0     0     0	-nan	10000.00	10000.00	 +0.00%
1.00 1.00   3  10  30   5  15 0.10 	   29    24     0     0     0	-nan	10000.00	10000.00	 +0.00%
1.00 1.00   3  10  30   5  15 0.10 	   29    24    19    12     7	63.16	10000.00	15086.51	+50.87%
1.00 1.00   3  10  30   5  15 0.10 	   29    24   197   112    85	56.85	10000.00	 5790.00	-42.10%
1.00 1.00   3  10  30   5  15 0.10 	   29    23     0     0     0	-nan	10000.00	10000.00	 +0.00%
1.00 1.00   3  10  30   5  15 0.10 	   29    24   185    98    87	52.97	10000.00	 8095.02	-19.05%
1.00 1.00   3  10  30   5  15 0.10 	   29    24    11     3     8	27.27	10000.00	 7483.96	-25.16%
1.00 1.00   3  10  30   5  15 0.10 	   29    24     3     0     3	0.00	10000.00	 8908.56	-10.91%
1.00 1.00   3  10  30   5  15 0.10 	   29    24     0     0     0	-nan	10000.00	10000.00	 +0.00%
1.00 1.00   3  10  30   5  15 0.10 	   29    24     0     0     0	-nan	10000.00	10000.00	 +0.00%
1.00 1.00   3  10  30   5  15 0.10 	   29    24     2     0     2	0.00	10000.00	 9428.11	 -5.72%
1.00 1.00   3  10  30   5  15 0.10 	   29    24     0     0     0	-nan	10000.00	10000.00	 +0.00%
1.00 1.00   3  10  30   5  15 0.10 	   29    24    11     3     8	27.27	10000.00	 7086.23	-29.14%
1.00 1.00   3  10  30   5  15 0.10 	   29    24    11     3     8	27.27	10000.00	 7831.51	-21.68%
1.00 1.00   3  10  30   5  15 0.10 	   29    24     0     0     0	-nan	10000.00	10000.00	 +0.00%
1.00 1.00   3  10  30   5  15 0.10 	   29    24     0     0     0	-nan	10000.00	10000.00	 +0.00%
1.00 1.00   3  10  30   5  15 0.10 	   29    24    16     5    11	31.25	10000.00	 7018.46	-29.82%
1.00 1.00   3  10  30   5  15 0.10 	   29    24   205   106    99	51.71	10000.00	 2563.20	-74.37%
1.00 1.00   3  10  30   5  15 0.10 	   29    24     4     0     4	0.00	10000.00	 8631.44	-13.69%
1.00 1.00   3  10  30   5  15 0.10 	   29    24     0     0     0	-nan	10000.00	10000.00	 +0.00%
1.00 1.00   3  10  30   5  15 0.10 	   29    24   101    52    49	51.49	10000.00	11223.46	+12.23%
1.00 1.00   3  10  30   5  15 0.10 	   29    24     0     0     0	-nan	10000.00	10000.00	 +0.00%
1.00 1.00   3  10  30   5  15 0.10 	   29    24     0     0     0	-nan	10000.00	10000.00	 +0.00%
1.00 1.00   3  10  30   5  15 0.10 	   29    24    68    38    30	55.88	10000.00	23505.12	+135.05%
1.00 1.00   3  10  30   5  15 0.10 	   29    24     0     0     0	-nan	10000.00	10000.00	 +0.00%
1.00 1.00   3  10  30   5  15 0.10 	   29    22   167    87    80	52.10	10000.00	11332.09	+13.32%
1.00 1.00   3  10  30   5  15 0.10 	   29    24     0     0     0	-nan	10000.00	10000.00	 +0.00%
1.00 1.00   3  10  30   5  15 0.10 	   29    24     0     0     0	-nan	10000.00	10000.00	 +0.00%
1.00 1.00   3  10  30   5  15 0.10 	   29    24   238   130   108	54.62	10000.00	12532.72	+25.33%
1.00 1.00   3  10  30   5  15 0.10 	   29    24    78    44    34	56.41	10000.00	18601.42	+86.01%
1.00 1.00   3  10  30   5  15 0.10 	   29    24     1     0     1	0.00	10000.00	 9724.10	 -2.76%
1.00 1.00   3  10  30   5  15 0.10 	   29    24    23     6    17	26.09	10000.00	 4187.27	-58.13%
1.00 1.00   3  10  30   5  15 0.10 	   29    24   160    90    70	56.25	10000.00	28302.79	+183.03%
1.00 1.00   3  10  30   5  15 0.10 	   29    24     0     0     0	-nan	10000.00	10000.00	 +0.00%
1.00 1.00   3  10  30   5  15 0.10 	   29    22    90    50    40	55.56	10000.00	 5082.07	-49.18%
1.00 1.00   3  10  30   5  15 0.10 	   29    24     0     0     0	-nan	10000.00	10000.00	 +0.00%
1.00 1.00   3  10  30   5  15 0.10 	   29    24   112    62    50	55.36	10000.00	 4450.61	-55.49%
1.00 1.00   3  10  30   5  15 0.10 	   29    23   139    72    67	51.80	10000.00	 6010.03	-39.90%
1.00 1.00   3  10  30   5  15 0.10 	   29    24     0     0     0	-nan	10000.00	10000.00	 +0.00%
1.00 1.00   3  10  30   5  15 0.10 	   29    24     0     0     0	-nan	10000.00	10000.00	 +0.00%
1.00 1.00   3  10  30   5  15 0.10 	   29    24    80    46    34	57.50	10000.00	 6542.99	-34.57%
1.00 1.00   3  10  30   5  15 0.10 	   29    24     0     0     0	-nan	10000.00	10000.00	 +0.00%
1.00 1.00   3  10  30   5  15 0.10 	   29    24     0     0     0	-nan	10000.00	10000.00	 +0.00%
1.00 1.00   3  10  30   5  15 0.10 	   29    24    86    47    39	54.65	10000.00	19058.81	+90.59%
1.00 1.00   3  10  30   5  15 0.10 	   29    24    15     5    10	33.33	10000.00	 7474.07	-25.26%
1.00 1.00   3  10  30   5  15 0.10 	   29    23    11     3     8	27.27	10000.00	 7200.95	-27.99%
1.00 1.00   3  10  30   5  15 0.10 	   29    23   117    62    55	52.99	10000.00	 4210.99	-57.89%
1.00 1.00   3  10  30   5  15 0.10 	   29    24   186   100    86	53.76	10000.00	 6274.31	-37.26%
1.00 1.00   3  10  30   5  15 0.10 	   29    24     0     0     0	-nan	10000.00	10000.00	 +0.00%
1.00 1.00   3  10  30   5  15 0.10 	   29    24   246   135   111	54.88	10000.00	 3655.81	-63.44%
1.00 1.00   3  10  30   5  15 0.10 	   29    24   130    69    61	53.08	10000.00	 4694.84	-53.05%
1.00 1.00   3  10  30   5  15 0.10 	   29    24   144    72    72	50.00	10000.00	 3786.98	-62.13%
1.00 1.00   3  10  30   5  15 0.10 	   29    24    92    46    46	50.00	10000.00	 6489.70	-35.10%
1.00 1.00   3  10  30   5  15 0.10 	   29    24   198   104    94	52.53	10000.00	 7048.73	-29.51%
1.00 1.00   3  10  30   5  15 0.10 	   29    24   260   140   120	53.85	10000.00	 3535.93	-64.64%
1.00 1.00   3  10  30   5  15 0.10 	   29    24     0     0     0	-nan	10000.00	10000.00	 +0.00%
1.00 1.00   3  10  30   5  15 0.10 	   29    24     0     0     0	-nan	10000.00	10000.00	 +0.00%
1.00 1.00   3  10  30   5  15 0.10 	   29    24   263   139   124	52.85	10000.00	 4264.67	-57.35%
1.00 1.00   3  10  30   5  15 0.10 	   29    24     0     0     0	-nan	10000.00	10000.00	 +0.00%
1.00 1.00   3  10  30   5  15 0.10 	   29    24     0     0     0	-nan	10000.00	10000.00	 +0.00%
1.00 1.00   3  10  30   5  15 0.10 	   29    24    13     3    10	23.08	10000.00	 7080.60	-29.19%
1.00 1.00   3  10  30   5  15 0.10 	   29    24     5     1     4	20.00	10000.00	 8969.53	-10.30%
1.00 1.00   3  10  30   5  15 0.10 	   29    24     0     0     0	-nan	10000.00	10000.00	 +0.00%
1.00 1.00   3  10  30   5  15 0.10 	   29    24     0     0     0	-nan	10000.00	10000.00	 +0.00%
1.00 1.00   3  10  30   5  15 0.10 	   29    24   159    85    74	53.46	10000.00	 3917.49	-60.83%
1.00 1.00   3  10  30   5  15 0.10 	   29    24     0     0     0	-nan	10000.00	10000.00	 +0.00%
1.00 1.00   3  10  30   5  15 0.10 	   29    24   166    89    77	53.61	10000.00	 4603.78	-53.96%
1.00 1.00   3  10  30   5  15 0.10 	   29    24     3     0     3	0.00	10000.00	 8867.85	-11.32%
1.00 1.00   3  10  30   5  15 0.10 	   29    24    11     5     6	45.45	10000.00	 7125.63	-28.74%
1.00 1.00   3  10  30   5  15 0.10 	   29    24    93    51    42	54.84	10000.00	10161.08	 +1.61%
1.00 1.00   3  10  30   5  15 0.10 	   29    24   219   118   101	53.88	10000.00	 4581.86	-54.18%
1.00 1.00   3  10  30   5  15 0.10 	   29    24    24     7    17	29.17	10000.00	 1290.04	-87.10%
1.00 1.00   3  10  30   5  15 0.10 	   29    24    74    44    30	59.46	10000.00	 8314.92	-16.85%
1.00 1.00   3  10  30   5  15 0.10 	   29    24     0     0     0	-nan	10000.00	10000.00	 +0.00%
1.00 1.00   3  10  30   5  15 0.10 	   29    22    34    11    23	32.35	10000.00	 4074.53	-59.25%
1.00 1.00   3  10  30   5  15 0.10 	   29    24     0     0     0	-nan	10000.00	10000.00	 +0.00%
1.00 1.00   3  10  30   5  15 0.10 	   29    24     0     0     0	-nan	10000.00	10000.00	 +0.00%
1.00 1.00   3  10  30   5  15 0.10 	   29    24     0     0     0	-nan	10000.00	10000.00	 +0.00%
1.00 1.00   3  10  30   5  15 0.10 	   29    24     0     0     0	-nan	10000.00	10000.00	 +0.00%
1.00 1.00   3  10  30   5  15 0.10 	   29    24   264   143   121	54.17	10000.00	 3632.36	-63.68%
1.00 1.00   3  10  30   5  15 0.10 	   29    24     3     0     3	0.00	10000.00	 8867.85	-11.32%
1.00 1.00   3  10  30   5  15 0.10 	   29    24    11     3     8	27.27	10000.00	 7677.23	-23.23%
1.00 1.00   3  10  30   5  15 0.10 	   29    24   239   129   110	53.97	10000.00	 4809.41	-51.91%
1.00 1.00   3  10  30   5  15 0.10 	   29    23     0     0     0	-nan	10000.00	10000.00	 +0.00%
1.00 1.00   3  10  30   5  15 0.10 	   29    24     4     0     4	0.00	10000.00	 8501.07	-14.99%
1.00 1.00   3  10  30   5  15 0.10 	   29    24    36    20    16	55.56	10000.00	 6520.73	-34.79%
1.00 1.00   3  10  30   5  15 0.10 	   29    24     0     0     0	-nan	10000.00	10000.00	 +0.00%
1.00 1.00   3  10  30   5  15 0.10 	   29    24     0     0     0	-nan	10000.00	10000.00	 +0.00%
1.00 1.00   3  10  30   5  15 0.10 	   29    24     0     0     0	-nan	10000.00	10000.00	 +0.00%
1.00 1.00   3  10  30   5  15 0.10 	   29    24    72    34    38	47.22	10000.00	 5577.42	-44.23%
1.00 1.00   3  10  30   5  15 0.10 	   29    24     0     0     0	-nan	10000.00	10000.00	 +0.00%
1.00 1.00   3  10  30   5  15 0.10 	   29    24   184   102    82	55.43	10000.00	 5285.40	-47.15%
1.00 1.00   3  10  30   5  15 0.10 	   29    24   183   101    82	55.19	10000.00	 4678.60	-53.21%
1.00 1.00   3  10  30   5  15 0.10 	   29    24     0     0     0	-nan	10000.00	10000.00	 +0.00%
1.00 1.00   3  10  30   5  15 0.10 	   29    24     0     0     0	-nan	10000.00	10000.00	 +0.00%
1.00 1.00   3  10  30   5  15 0.10 	   29    24    29    16    13	55.17	10000.00	 2634.24	-73.66%
1.00 1.00   3  10  30   5  15 0.10 	   29    24     0     0     0	-nan	10000.00	10000.00	 +0.00%
1.00 1.00   3  10  30   5  15 0.10 	   29    24     0     0     0	-nan	10000.00	10000.00	 +0.00%
1.00 1.00   3  10  30   5  15 0.10 	   29    24     0     0     0	-nan	10000.00	10000.00	 +0.00%
1.00 1.00   3  10  30   5  15 0.10 	   29    24     0     0     0	-nan	10000.00	10000.00	 +0.00%
1.00 1.00   3  10  30   5  15 0.10 	   29    24    10     2     8	20.00	10000.00	 7191.27	-28.09%
1.00 1.00   3  10  30   5  15 0.10 	   29    24     0     0     0	-nan	10000.00	10000.00	 +0.00%
1.00 1.00   3  10  30   5  15 0.10 	   29    24     0     0     0	-nan	10000.00	10000.00	 +0.00%
1.00 1.00   3  10  30   5  15 0.10 	   29    23     5     1     4	20.00	10000.00	 8973.94	-10.26%
1.00 1.00   3  10  30   5  15 0.10 	   29    24     0     0     0	-nan	10000.00	10000.00	 +0.00%
1.00 1.00   3  10  30   5  15 0.10 	   29    24     6     1     5	16.67	10000.00	 8750.55	-12.49%
1.00 1.00   3  10  30   5  15 0.10 	   29    24    41    19    22	46.34	10000.00	 3045.67	-69.54%
1.00 1.00   3  10  30   5  15 0.10 	   29    24    11     3     8	27.27	10000.00	 7588.49	-24.12%
1.00 1.00   3  10  30   5  15 0.10 	   29    24     0     0     0	-nan	10000.00	10000.00	 +0.00%
1.00 1.00   3  10  30   5  15 0.10 	   29    24   159    88    71	55.35	10000.00	11738.65	+17.39%
1.00 1.00   3  10  30   5  15 0.10 	   29    24     0     0     0	-nan	10000.00	10000.00	 +0.00%
1.00 1.00   3  10  30   5  15 0.10 	   29    24     0     0     0	-nan	10000.00	10000.00	 +0.00%
1.00 1.00   3  10  30   5  15 0.10 	   29    23    10     2     8	20.00	10000.00	 7253.89	-27.46%
1.00 1.00   3  10  30   5  15 0.10 	   29    24     0     0     0	-nan	10000.00	10000.00	 +0.00%
1.00 1.00   3  10  30   5  15 0.10 	   29    24    85    47    38	55.29	10000.00	 8857.29	-11.43%
1.00 1.00   3  10  30   5  15 0.10 	   29    24     0     0     0	-nan	10000.00	10000.00	 +0.00%
1.00 1.00   3  10  30   5  15 0.10 	   29    24     0     0     0	-nan	10000.00	10000.00	 +0.00%
1.00 1.00   3  10  30   5  15 0.10 	   29    23   231   119   112	51.52	10000.00	 3821.15	-61.79%
1.00 1.00   3  10  30   5  15 0.10 	   29    24     0     0     0	-nan	10000.00	10000.00	 +0.00%
1.00 1.00   3  10  30   5  15 0.10 	   29    24   212   115    97	54.25	10000.00	 6463.05	-35.37%
1.00 1.00   3  10  30   5  15 0.10 	   29    24     0     0     0	-nan	10000.00	10000.00	 +0.00%
1.00 1.00   3  10  30   5  15 0.10 	   29    24    85    49    36	57.65	10000.00	 7201.12	-27.99%
1.00 1.00   3  10  30   5  15 0.10 	   29    24    16     7     9	43.75	10000.00	 6900.23	-31.00%
1.00 1.00   3  10  30   5  15 0.10 	   29    24     8     2     6	25.00	10000.00	 8618.53	-13.81%
1.00 1.00   3  10  30   5  15 0.10 	   29    24     0     0     0	-nan	10000.00	10000.00	 +0.00%
1.00 1.00   3  10  30   5  15 0.10 	   29    24   264   143   121	54.17	10000.00	 3632.36	-63.68%
1.00 1.00   3  10  30   5  15 0.10 	   29    24     0     0     0	-nan	10000.00	10000.00	 +0.00%
1.00 1.00   3  10  30   5  15 0.10 	   29    24     0     0     0	-nan	10000.00	10000.00	 +0.00%
1.00 1.00   3  10  30   5  15 0.10 	   29    24   157    85    72	54.14	10000.00	 4731.89	-52.68%
1.00 1.00   3  10  30   5  15 0.10 	   29    24     0     0     0	-nan	10000.00	10000.00	 +0.00%
1.00 1.00   3  10  30   5  15 0.10 	   29    24   186    98    88	52.69	10000.00	 3002.01	-69.98%
1.00 1.00   3  10  30   5  15 0.10 	   29    24   221   121   100	54.75	10000.00	 6417.55	-35.82%
1.00 1.00   3  10  30   5  15 0.10 	   29    24     0     0     0	-nan	10000.00	10000.00	 +0.00%
1.00 1.00   3  10  30   5  15 0.10 	   29    24   168    94    74	55.95	10000.00	 7590.37	-24.10%
1.00 1.00   3  10  30   5  15 0.10 	   29    24     0     0     0	-nan	10000.00	10000.00	 +0.00%
1.00 1.00   3  10  30   5  15 0.10 	   29    24     0     0     0	-nan	10000.00	10000.00	 +0.00%
1.00 1.00   3  10  30   5  15 0.10 	   29    23     0     0     0	-nan	10000.00	10000.00	 +0.00%
1.00 1.00   3  10  30   5  15 0.10 	   29    24     0     0     0	-nan	10000.00	10000.00	 +0.00%
1.00 1.00   3  10  30   5  15 0.10 	   29    24   116    65    51	56.03	10000.00	 3830.97	-61.69%
1.00 1.00   3  10  30   5  15 0.10 	   29    24   158    85    73	53.80	10000.00	 3532.76	-64.67%
1.00 1.00   3  10  30   5  15 0.10 	   29    24     0     0     0	-nan	10000.00	10000.00	 +0.00%
1.00 1.00   3  10  30   5  15 0.10 	   29    24     0     0     0	-nan	10000.00	10000.00	 +0.00%
1.00 1.00   3  10  30   5  15 0.10 	   29    24    17     6    11	35.29	10000.00	 1772.18	-82.28%
1.00 1.00   3  10  30   5  15 0.10 	   29    24   123    66    57	53.66	10000.00	 5040.24	-49.60%
1.00 1.00   3  10  30   5  15 0.10 	   29    24    76    37    39	48.68	10000.00	 6610.77	-33.89%
1.00 1.00   3  10  30   5  15 0.10 	   29    24     1     0     1	0.00	10000.00	 9724.10	 -2.76%
1.00 1.00   3  10  30   5  15 0.10 	   29    24   191   103    88	53.93	10000.00	 8367.68	-16.32%
1.00 1.00   3  10  30   5  15 0.10 	   29    24     3     0     3	0.00	10000.00	 8908.56	-10.91%
1.00 1.00   3  10  30   5  15 0.10 	   29    24     0     0     0	-nan	10000.00	10000.00	 +0.00%
1.00 1.00   3  10  30   5  15 0.10 	   29    24     0     0     0	-nan	10000.00	10000.00	 +0.00%
1.00 1.00   3  10  30   5  15 0.10 	   29    24   189   102    87	53.97	10000.00	 3216.57	-67.83%
1.00 1.00   3  10  30   5  15 0.10 	   29    24     1     0     1	0.00	10000.00	 9672.97	 -3.27%
1.00 1.00   3  10  30   5  15 0.10 	   29    24     0     0     0	-nan	10000.00	10000.00	 +0.00%
1.00 1.00   3  10  30   5  15 0.10 	   29    24    96    52    44	54.17	10000.00	 9156.34	 -8.44%
1.00 1.00   3  10  30   5  15 0.10 	   29    24    91    51    40	56.04	10000.00	 6087.90	-39.12%
1.00 1.00   3  10  30   5  15 0.10 	   29    24   264   143   121	54.17	10000.00	 3632.36	-63.68%
1.00 1.00   3  10  30   5  15 0.10 	   29    24   181    93    88	51.38	10000.00	 4157.59	-58.42%
1.00 1.00   3  10  30   5  15 0.10 	   29    24     0     0     0	-nan	10000.00	10000.00	 +0.00%
1.00 1.00   3  10  30   5  15 0.10 	   29    24     0     0     0	-nan	10000.00	10000.00	 +0.00%
1.00 1.00   3  10  30   5  15 0.10 	   29    24    11     3     8	27.27	10000.00	 7597.32	-24.03%
1.00 1.00   3  10  30   5  15 0.10 	   29    24     0     0     0	-nan	10000.00	10000.00	 +0.00%
1.00 1.00   3  10  30   5  15 0.10 	   29    24   129    66    63	51.16	10000.00	 3606.64	-63.93%
1.00 1.00   3  10  30   5  15 0.10 	   29    24     0     0     0	-nan	10000.00	10000.00	 +0.00%
1.00 1.00   3  10  30   5  15 0.10 	   29    22    10     3     7	30.00	10000.00	 7728.05	-22.72%
1.00 1.00   3  10  30   5  15 0.10 	   29    24     0     0     0	-nan	10000.00	10000.00	 +0.00%
1.00 1.00   3  10  30   5  15 0.10 	   29    24   211   114    97	54.03	10000.00	 3564.91	-64.35%
1.00 1.00   3  10  30   5  15 0.10 	   29    24   264   143   121	54.17	10000.00	 3632.36	-63.68%
1.00 1.00   3  10  30   5  15 0.10 	   29    23     0     0     0	-nan	10000.00	10000.00	 +0.00%
1.00 1.00   3  10  30   5  15 0.10 	   29    24    92    47    45	51.09	10000.00	 5742.49	-42.58%
1.00 1.00   3  10  30   5  15 0.10 	   29    24   264   143   121	54.17	10000.00	 3632.36	-63.68%
1.00 1.00   3  10  30   5  15 0.10 	   29    24   181   100    81	55.25	10000.00	 7623.72	-23.76%
1.00 1.00   3  10  30   5  15 0.10 	   29    24     0     0     0	-nan	10000.00	10000.00	 +0.00%
1.00 1.00   3  10  30   5  15 0.10 	   29    24     6     1     5	16.67	10000.00	 8524.70	-14.75%
1.00 1.00   3  10  30   5  15 0.10 	   29    24    25    13    12	52.00	10000.00	 2372.02	-76.28%
1.00 1.00   3  10  30   5  15 0.10 	   29    24     0     0     0	-nan	10000.00	10000.00	 +0.00%
1.00 1.00   3  10  30   5  15 0.10 	   29    24     4     0     4	0.00	10000.00	 8501.07	-14.99%
1.00 1.00   3  10  30   5  15 0.10 	   29    24     0     0     0	-nan	10000.00	10000.00	 +0.00%
1.00 1.00   3  10  30   5  15 0.10 	   29    22    12     2    10	16.67	10000.00	 7374.50	-26.26%
1.00 1.00   3  10  30   5  15 0.10 	   29    24   162    88    74	54.32	10000.00	 7472.44	-25.28%
1.00 1.00   3  10  30   5  15 0.10 	   29    24   101    54    47	53.47	10000.00	 4845.05	-51.55%
1.00 1.00   3  10  30   5  15 0.10 	   29    24     0     0     0	-nan	10000.00	10000.00	 +0.00%
1.00 1.00   3  10  30   5  15 0.10 	   29    24     3     0     3	0.00	10000.00	 9007.01	 -9.93%
1.00 1.00   3  10  30   5  15 0.10 	   29    24     6     1     5	16.67	10000.00	 8750.55	-12.49%
1.00 1.00   3  10  30   5  15 0.10 	   29    24     3     0     3	0.00	10000.00	 8867.85	-11.32%
1.00 1.00   3  10  30   5  15 0.10 	   29    24   264   143   121	54.17	10000.00	 3632.36	-63.68%
1.00 1.00   3  10  30   5  15 0.10 	   29    24   264   143   121	54.17	10000.00	 3632.36	-63.68%
1.00 1.00   3  10  30   5  15 0.10 	   29    24     0     0     0	-nan	10000.00	10000.00	 +0.00%
1.00 1.00   3  10  30   5  15 0.10 	   29    24     0     0     0	-nan	10000.00	10000.00	 +0.00%
1.00 1.00   3  10  30   5  15 0.10 	   29    24     0     0     0	-nan	10000.00	10000.00	 +0.00%
1.00 1.00   3  10  30   5  15 0.10 	   29    23     7     1     6	14.29	10000.00	 8356.25	-16.44%
1.00 1.00   3  10  30   5  15 0.10 	   29    24     1     0     1	0.00	10000.00	 9724.10	 -2.76%
1.00 1.00   3  10  30   5  15 0.10 	   29    23   256   138   118	53.91	10000.00	 5247.06	-47.53%
1.00 1.00   3  10  30   5  15 0.10 	   29    24     0     0     0	-nan	10000.00	10000.00	 +0.00%
1.00 1.00   3  10  30   5  15 0.10 	   29    24     0     0     0	-nan	10000.00	10000.00	 +0.00%
1.00 1.00   3  10  30   5  15 0.10 	   29    24   264   143   121	54.17	10000.00	 3632.36	-63.68%
1.00 1.00   3  10  30   5  15 0.10 	   29    24    18     8    10	44.44	10000.00	10107.86	 +1.08%
1.00 1.00   3  10  30   5  15 0.10 	   29    24     0     0     0	-nan	10000.00	10000.00	 +0.00%
1.00 1.00   3  10  30   5  15 0.10 	   29    24     6     1     5	16.67	10000.00	 8750.55	-12.49%
1.00 1.00   3  10  30   5  15 0.10 	   29    23     3     0     3	0.00	10000.00	 8867.85	-11.32%
1.00 1.00   3  10  30   5  15 0.10 	   29    24     0     0     0	-nan	10000.00	10000.00	 +0.00%
1.00 1.00   3  10  30   5  15 0.10 	   29    24    61    33    28	54.10	10000.00	 5791.71	-42.08%
1.00 1.00   3  10  30   5  15 0.10 	   29    24    64    32    32	50.00	10000.00	 3878.05	-61.22%
1.00 1.00   3  10  30   5  15 0.10 	   29    24     0     0     0	-nan	10000.00	10000.00	 +0.00%
1.00 1.00   3  10  30   5  15 0.10 	   29    24   264   143   121	54.17	10000.00	 3632.36	-63.68%
1.00 1.00   3  10  30   5  15 0.10 	   29    24     0     0     0	-nan	10000.00	10000.00	 +0.00%
1.00 1.00   3  10  30   5  15 0.10 	   29    24   240   132   108	55.00	10000.00	24355.11	+143.55%
1.00 1.00   3  10  30   5  15 0.10 	   29    24     0     0     0	-nan	10000.00	10000.00	 +0.00%
1.00 1.00   3  10  30   5  15 0.10 	   29    24     0     0     0	-nan	10000.00	10000.00	 +0.00%
1.00 1.00   3  10  30   5  15 0.10 	   29    24   196   105    91	53.57	10000.00	 7370.52	-26.29%
1.00 1.00   3  10  30   5  15 0.10 	   29    24   228   122   106	53.51	10000.00	 8676.10	-13.24%
1.00 1.00   3  10  30   5  15 0.10 	   29    24    26     9    17	34.62	10000.00	 5022.59	-49.77%
1.00 1.00   3  10  30   5  15 0.10 	   29    24     0     0     0	-nan	10000.00	10000.00	 +0.00%
1.00 1.00   3  10  30   5  15 0.10 	   29    24     0     0     0	-nan	10000.00	10000.00	 +0.00%
1.00 1.00   3  10  30   5  15 0.10 	   29    24   116    65    51	56.03	10000.00	 4254.54	-57.45%
1.00 1.00   3  10  30   5  15 0.10 	   29    24    13     3    10	23.08	10000.00	 8163.88	-18.36%
1.00 1.00   3  10  30   5  15 0.10 	   29    24     0     0     0	-nan	10000.00	10000.00	 +0.00%
1.00 1.00   3  10  30   5  15 0.10 	   29    24     0     0     0	-nan	10000.00	10000.00	 +0.00%
1.00 1.00   3  10  30   5  15 0.10 	   29    24     0     0     0	-nan	10000.00	10000.00	 +0.00%
1.00 1.00   3  10  30   5  15 0.10 	   29    22    69    33    36	47.83	10000.00	 2663.74	-73.36%
1.00 1.00   3  10  30   5  15 0.10 	   29    24   203   114    89	56.16	10000.00	 7669.41	-23.31%
1.00 1.00   3  10  30   5  15 0.10 	   29    24     6     1     5	16.67	10000.00	 8750.55	-12.49%
1.00 1.00   3  10  30   5  15 0.10 	   29    24    88    49    39	55.68	10000.00	 5256.14	-47.44%
1.00 1.00   3  10  30   5  15 0.10 	   29    24   173    93    80	53.76	10000.00	 5139.13	-48.61%
1.00 1.00   3  10  30   5  15 0.10 	   29    24     0     0     0	-nan	10000.00	10000.00	 +0.00%
1.00 1.00   3  10  30   5  15 0.10 	   29    24    10     3     7	30.00	10000.00	 7728.05	-22.72%
1.00 1.00   3  10  30   5  15 0.10 	   29    24     0     0     0	-nan	10000.00	10000.00	 +0.00%
1.00 1.00   3  10  30   5  15 0.10 	   29    24     4     0     4	0.00	10000.00	 8501.07	-14.99%
1.00 1.00   3  10  30   5  15 0.10 	   29    24     0     0     0	-nan	10000.00	10000.00	 +0.00%
1.00 1.00   3  10  30   5  15 0.10 	   29    24     0     0     0	-nan	10000.00	10000.00	 +0.00%
1.00 1.00   3  10  30   5  15 0.10 	   29    24     0     0     0	-nan	10000.00	10000.00	 +0.00%
1.00 1.00   3  10  30   5  15 0.10 	   29    24   102    56    46	54.90	10000.00	 7202.38	-27.98%
1.00 1.00   3  10  30   5  15 0.10 	   29    24     0     0     0	-nan	10000.00	10000.00	 +0.00%
1.00 1.00   3  10  30   5  15 0.10 	   29    23     2     0     2	0.00	10000.00	 9289.78	 -7.10%
1.00 1.00   3  10  30   5  15 0.10 	   29    24   264   143   121	54.17	10000.00	 3632.36	-63.68%
1.00 1.00   3  10  30   5  15 0.10 	   29    24     0     0     0	-nan	10000.00	10000.00	 +0.00%
1.00 1.00   3  10  30   5  15 0.10 	   29    24     0     0     0	-nan	10000.00	10000.00	 +0.00%
1.00 1.00   3  10  30   5  15 0.10 	   29    24   264   143   121	54.17	10000.00	 3632.36	-63.68%
1.00 1.00   3  10  30   5  15 0.10 	   29    22   264   143   121	54.17	10000.00	 3632.36	-63.68%
1.00 1.00   3  10  30   5  15 0.10 	   29    24     0     0     0	-nan	10000.00	10000.00	 +0.00%
1.00 1.00   3  10  30   5  15 0.10 	   29    24     9     2     7	22.22	10000.00	 7760.89	-22.39%
1.00 1.00   3  10  30   5  15 0.10 	   29    23   146    77    69	52.74	10000.00	 3145.05	-68.55%
1.00 1.00   3  10  30   5  15 0.10 	   29    24   148    81    67	54.73	10000.00	 4754.76	-52.45%
1.00 1.00   3  10  30   5  15 0.10 	   29    24     0     0     0	-nan	10000.00	10000.00	 +0.00%
1.00 1.00   3  10  30   5  15 0.10 	   29    24     0     0     0	-nan	10000.00	10000.00	 +0.00%
1.00 1.00   3  10  30   5  15 0.10 	   29    24    10     2     8	20.00	10000.00	 7253.89	-27.46%
1.00 1.00   3  10  30   5  15 0.10 	   29    24    16     5    11	31.25	10000.00	 7018.46	-29.82%
1.00 1.00   3  10  30   5  15 0.10 	   29    24    63    34    29	53.97	10000.00	 3559.88	-64.40%
1.00 1.00   3  10  30   5  15 0.10 	   29    23    11     3     8	27.27	10000.00	 7086.23	-29.14%
1.00 1.00   3  10  30   5  15 0.10 	   29    24     0     0     0	-nan	10000.00	10000.00	 +0.00%
1.00 1.00   3  10  30   5  15 0.10 	   29    24   264   143   121	54.17	10000.00	 3632.36	-63.68%
1.00 1.00   3  10  30   5  15 0.10 	   29    24   264   143   121	54.17	10000.00	 3632.36	-63.68%
1.00 1.00   3  10  30   5  15 0.10 	   29    24   123    64    59	52.03	10000.00	 5447.86	-45.52%
1.00 1.00   3  10  30   5  15 0.10 	   29    24    63    35    28	55.56	10000.00	 3405.28	-65.95%
1.00 1.00   3  10  30   5  15 0.10 	   29    24    10     3     7	30.00	10000.00	 7728.05	-22.72%
1.00 1.00   3  10  30   5  15 0.10 	   29    24     0     0     0	-nan	10000.00	10000.00	 +0.00%
1.00 1.00   3  10  30   5  15 0.10 	   29    24    46    18    28	39.13	10000.00	 4076.44	-59.24%
1.00 1.00   3  10  30   5  15 0.10 	   29    24    53    21    32	39.62	10000.00	 3469.76	-65.30%
1.00 1.00   3  10  30   5  15 0.10 	   29    24     0     0     0	-nan	10000.00	10000.00	 +0.00%
1.00 1.00   3  10  30   5  15 0.10 	   29    23   139    69    70	49.64	10000.00	 2414.48	-75.86%
1.00 1.00   3  10  30   5  15 0.10 	   29    24     0     0     0	-nan	10000.00	10000.00	 +0.00%
1.00 1.00   3  10  30   5  15 0.10 	   29    24    64    39    25	60.94	10000.00	 7560.13	-24.40%
1.00 1.00   3  10  30   5  15 0.10 	   29    24     0     0     0	-nan	10000.00	10000.00	 +0.00%
1.00 1.00   3  10  30   5  15 0.10 	   29    23     3     1     2	33.33	10000.00	10801.79	 +8.02%
1.00 1.00   3  10  30   5  15 0.10 	   29    24     0     0     0	-nan	10000.00	10000.00	 +0.00%
1.00 1.00   3  10  30   5  15 0.10 	   29    23   264   143   121	54.17	10000.00	 3632.36	-63.68%
1.00 1.00   3  10  30   5  15 0.10 	   29    24   236   129   107	54.66	10000.00	11539.17	+15.39%
1.00 1.00   3  10  30   5  15 0.10 	   29    24   153    78    75	50.98	10000.00	 6599.68	-34.00%
1.00 1.00   3  10  30   5  15 0.10 	   29    24   227   114   113	50.22	10000.00	 1587.96	-84.12%
1.00 1.00   3  10  30   5  15 0.10 	   29    24   105    57    48	54.29	10000.00	 4094.61	-59.05%
1.00 1.00   3  10  30   5  15 0.10 	   29    24    79    38    41	48.10	10000.00	 5809.53	-41.90%
1.00 1.00   3  10  30   5  15 0.10 	   29    24    42    25    17	59.52	10000.00	 5207.34	-47.93%
1.00 1.00   3  10  30   5  15 0.10 	   29    24    10     3     7	30.00	10000.00	 7728.05	-22.72%
1.00 1.00   3  10  30   5  15 0.10 	   29    24    52    18    34	34.62	10000.00	 3196.92	-68.03%
1.00 1.00   3  10  30   5  15 0.10 	   29    24     2     0     2	0.00	10000.00	 9289.78	 -7.10%
1.00 1.00   3  10  30   5  15 0.10 	   29    24     0     0     0	-nan	10000.00	10000.00	 +0.00%
1.00 1.00   3  10  30   5  15 0.10 	   29    24    14     5     9	35.71	10000.00	 8111.71	-18.88%
1.00 1.00   3  10  30   5  15 0.10 	   29    24    16     5    11	31.25	10000.00	 1780.22	-82.20%
1.00 1.00   3  10  30   5  15 0.10 	   29    24     0     0     0	-nan	10000.00	10000.00	 +0.00%
1.00 1.00   3  10  30   5  15 0.10 	   29    23   148    80    68	54.05	10000.00	 4147.19	-58.53%
1.00 1.00   3  10  30   5  15 0.10 	   29    22    31    13    18	41.94	10000.00	 3145.65	-68.54%
1.00 1.00   3  10  30   5  15 0.10 	   29    24     4     0     4	0.00	10000.00	 8501.07	-14.99%
1.00 1.00   3  10  30   5  15 0.10 	   29    24   264   143   121	54.17	10000.00	 3632.36	-63.68%
1.00 1.00   3  10  30   5  15 0.10 	   29    24     0     0     0	-nan	10000.00	10000.00	 +0.00%
1.00 1.00   3  10  30   5  15 0.10 	   29    24     0     0     0	-nan	10000.00	10000.00	 +0.00%
1.00 1.00   3  10  30   5  15 0.10 	   29    24     3     0     3	0.00	10000.00	 8908.56	-10.91%
1.00 1.00   3  10  30   5  15 0.10 	   29    24     6     2     4	33.33	10000.00	 9112.66	 -8.87%
1.00 1.00   3  10  30   5  15 0.10 	   29    24    10     3     7	30.00	10000.00	 7728.05	-22.72%
1.00 1.00   3  10  30   5  15 0.10 	   29    24   157    86    71	54.78	10000.00	 5126.62	-48.73%
1.00 1.00   3  10  30   5  15 0.10 	   29    24     0     0     0	-nan	10000.00	10000.00	 +0.00%
1.00 1.00   3  10  30   5  15 0.10 	   29    24     4     1     3	25.00	10000.00	 9155.47	 -8.45%
1.00 1.00   3  10  30   5  15 0.10 	   29    24     0     0     0	-nan	10000.00	10000.00	 +0.00%
1.00 1.00   3  10  30   5  15 0.10 	   29    24   264   143   121	54.17	10000.00	 3632.36	-63.68%
1.00 1.00   3  10  30   5  15 0.10 	   29    24   246   130   116	52.85	10000.00	13880.87	+38.81%
1.00 1.00   3  10  30   5  15 0.10 	   29    24     0     0     0	-nan	10000.00	10000.00	 +0.00%
1.00 1.00   3  10  30   5  15 0.10 	   29    24     6     1     5	16.67	10000.00	 8750.55	-12.49%
1.00 1.00   3  10  30   5  15 0.10 	   29    24     0     0     0	-nan	10000.00	10000.00	 +0.00%
1.00 1.00   3  10  30   5  15 0.10 	   29    24     0     0     0	-nan	10000.00	10000.00	 +0.00%
1.00 1.00   3  10  30   5  15 0.10 	   29    24   201   112    89	55.72	10000.00	 4967.21	-50.33%
1.00 1.00   3  10  30   5  15 0.10 	   29    24     7     1     6	14.29	10000.00	 8356.25	-16.44%
1.00 1.00   3  10  30   5  15 0.10 	   29    24    17    10     7	58.82	10000.00	10908.27	 +9.08%
1.00 1.00   3  10  30   5  15 0.10 	   29    24     0     0     0	-nan	10000.00	10000.00	 +0.00%
1.00 1.00   3  10  30   5  15 0.10 	   29    24     0     0     0	-nan	10000.00	10000.00	 +0.00%
1.00 1.00   3  10  30   5  15 0.10 	   29    24   172    86    86	50.00	10000.00	 8397.18	-16.03%
1.00 1.00   3  10  30   5  15 0.10 	   29    24   129    66    63	51.16	10000.00	 5582.65	-44.17%
1.00 1.00   3  10  30   5  15 0.10 	   29    24     0     0     0	-nan	10000.00	10000.00	 +0.00%
1.00 1.00   3  10  30   5  15 0.10 	   29    24     7     1     6	14.29	10000.00	 8284.12	-17.16%
1.00 1.00   3  10  30   5  15 0.10 	   29    24     0     0     0	-nan	10000.00	10000.00	 +0.00%
1.00 1.00   3  10  30   5  15 0.10 	   29    24     0     0     0	-nan	10000.00	10000.00	 +0.00%
1.00 1.00   3  10  30   5  15 0.10 	   29    24     0     0     0	-nan	10000.00	10000.00	 +0.00%
1.00 1.00   3  10  30   5  15 0.10 	   29    24   105    57    48	54.29	10000.00	 4014.97	-59.85%
1.00 1.00   3  10  30   5  15 0.10 	   29    24     0     0     0	-nan	10000.00	10000.00	 +0.00%
1.00 1.00   3  10  30   5  15 0.10 	   29    24     0     0     0	-nan	10000.00	10000.00	 +0.00%
1.00 1.00   3  10  30   5  15 0.10 	   29    23   149    77    72	51.68	10000.00	 3895.80	-61.04%
1.00 1.00   3  10  30   5  15 0.10 	   29    24   146    80    66	54.79	10000.00	 4971.67	-50.28%
1.00 1.00   3  10  30   5  15 0.10 	   29    24     0     0     0	-nan	10000.00	10000.00	 +0.00%
1.00 1.00   3  10  30   5  15 0.10 	   29    24     0     0     0	-nan	10000.00	10000.00	 +0.00%
1.00 1.00   3  10  30   5  15 0.10 	   29    24   264   143   121	54.17	10000.00	 3632.36	-63.68%
1.00 1.00   3  10  30   5  15 0.10 	   29    24     0     0     0	-nan	10000.00	10000.00	 +0.00%
1.00 1.00   3  10  30   5  15 0.10 	   29    24     0     0     0	-nan	10000.00	10000.00	 +0.00%
1.00 1.00   3  10  30   5  15 0.10 	   29    24     1     0     1	0.00	10000.00	 9672.97	 -3.27%
1.00 1.00   3  10  30   5  15 0.10 	   29    24     0     0     0	-nan	10000.00	10000.00	 +0.00%
1.00 1.00   3  10  30   5  15 0.10 	   29    24    45    26    19	57.78	10000.00	19346.72	+93.47%
1.00 1.00   3  10  30   5  15 0.10 	   29    24    16     5    11	31.25	10000.00	 1421.93	-85.78%
1.00 1.00   3  10  30   5  15 0.10 	   29    24     7     1     6	14.29	10000.00	 8284.12	-17.16%
1.00 1.00   3  10  30   5  15 0.10 	   29    24     0     0     0	-nan	10000.00	10000.00	 +0.00%
1.00 1.00   3  10  30   5  15 0.10 	   29    24    18     5    13	27.78	10000.00	 1539.48	-84.61%
1.00 1.00   3  10  30   5  15 0.10 	   29    24     0     0     0	-nan	10000.00	10000.00	 +0.00%
1.00 1.00   3  10  30   5  15 0.10 	   29    24     2     0     2	0.00	10000.00	 9098.16	 -9.02%
1.00 1.00   3  10  30   5  15 0.10 	   29    23     0     0     0	-nan	10000.00	10000.00	 +0.00%
1.00 1.00   3  10  30   5  15 0.10 	   29    24     0     0     0	-nan	10000.00	10000.00	 +0.00%
1.00 1.00   3  10  30   5  15 0.10 	   29    24    58    30    28	51.72	10000.00	 3332.88	-66.67%
1.00 1.00   3  10  30   5  15 0.10 	   29    24   123    62    61	50.41	10000.00	 3603.22	-63.97%
1.00 1.00   3  10  30   5  15 0.10 	   29    24     0     0     0	-nan	10000.00	10000.00	 +0.00%
1.00 1.00   3  10  30   5  15 0.10 	   29    24     6     2     4	33.33	10000.00	 9108.17	 -8.92%
1.00 1.00   3  10  30   5  15 0.10 	   29    24   125    66    59	52.80	10000.00	 3686.56	-63.13%
1.00 1.00   3  10  30   5  15 0.10 	   29    24   151    77    74	50.99	10000.00	 5228.85	-47.71%
1.00 1.00   3  10  30   5  15 0.10 	   29    24     0     0     0	-nan	10000.00	10000.00	 +0.00%
1.00 1.00   3  10  30   5  15 0.10 	   29    23    49    27    22	55.10	10000.00	 6604.88	-33.95%
1.00 1.00   3  10  30   5  15 0.10 	   29    24     4     0     4	0.00	10000.00	 8501.07	-14.99%
1.00 1.00   3  10  30   5  15 0.10 	   29    24   168    91    77	54.17	10000.00	 5432.94	-45.67%
1.00 1.00   3  10  30   5  15 0.10 	   29    23   206   114    92	55.34	10000.00	 5593.81	-44.06%
1.00 1.00   3  10  30   5  15 0.10 	   29    24     3     0     3	0.00	10000.00	 8908.56	-10.91%
1.00 1.00   3  10  30   5  15 0.10 	   29    24   163    91    72	55.83	10000.00	 6798.11	-32.02%
1.00 1.00   3  10  30   5  15 0.10 	   29    24   173    96    77	55.49	10000.00	 3725.10	-62.75%
1.00 1.00   3  10  30   5  15 0.10 	   29    24   169    87    82	51.48	10000.00	 2825.50	-71.74%
1.00 1.00   3  10  30   5  15 0.10 	   29    24    45    24    21	53.33	10000.00	 6073.81	-39.26%
1.00 1.00   3  10  30   5  15 0.10 	   29    24    88    48    40	54.55	10000.00	 6442.08	-35.58%
1.00 1.00   3  10  30   5  15 0.10 	   29    24     0     0     0	-nan	10000.00	10000.00	 +0.00%
1.00 1.00   3  10  30   5  15 0.10 	   29    24     0     0     0	-nan	10000.00	10000.00	 +0.00%
1.00 1.00   3  10  30   5  15 0.10 	   29    24    35    20    15	57.14	10000.00	 4932.80	-50.67%
1.00 1.00   3  10  30   5  15 0.10 	   29    24     0     0     0	-nan	10000.00	10000.00	 +0.00%
1.00 1.00   3  10  30   5  15 0.10 	   29    23   163    82    81	50.31	10000.00	 3902.10	-60.98%
1.00 1.00   3  10  30   5  15 0.10 	   29    24   211   115    96	54.50	10000.00	 6393.33	-36.07%
1.00 1.00   3  10  30   5  15 0.10 	   29    24     0     0     0	-nan	10000.00	10000.00	 +0.00%
1.00 1.00   3  10  30   5  15 0.10 	   29    24     0     0     0	-nan	10000.00	10000.00	 +0.00%
1.00 1.00   3  10  30   5  15 0.10 	   29    24     0     0     0	-nan	10000.00	10000.00	 +0.00%
1.00 1.00   3  10  30   5  15 0.10 	   29    24     0     0     0	-nan	10000.00	10000.00	 +0.00%
1.00 1.00   3  10  30   5  15 0.10 	   29    24     0     0     0	-nan	10000.00	10000.00	 +0.00%
1.00 1.00   3  10  30   5  15 0.10 	   29    24     0     0     0	-nan	10000.00	10000.00	 +0.00%
1.00 1.00   3  10  30   5  15 0.10 	   29    24     0     0     0	-nan	10000.00	10000.00	 +0.00%
1.00 1.00   3  10  30   5  15 0.10 	   29    24    35    19    16	54.29	10000.00	 7030.94	-29.69%
1.00 1.00   3  10  30   5  15 0.10 	   29    24   157    89    68	56.69	10000.00	 8065.87	-19.34%
1.00 1.00   3  10  30   5  15 0.10 	   29    24   104    57    47	54.81	10000.00	 4106.36	-58.94%
1.00 1.00   3  10  30   5  15 0.10 	   29    24     0     0     0	-nan	10000.00	10000.00	 +0.00%
1.00 1.00   3  10  30   5  15 0.10 	   29    24     0     0     0	-nan	10000.00	10000.00	 +0.00%
1.00 1.00   3  10  30   5  15 0.10 	   29    24     1     0     1	0.00	10000.00	 9724.10	 -2.76%
1.00 1.00   3  10  30   5  15 0.10 	   29    24     4     0     4	0.00	10000.00	 8501.07	-14.99%
1.00 1.00   3  10  30   5  15 0.10 	   29    24   264   143   121	54.17	10000.00	 3632.36	-63.68%
1.00 1.00   3  10  30   5  15 0.10 	   29    24   210   112    98	53.33	10000.00	 4956.73	-50.43%
1.00 1.00   3  10  30   5  15 0.10 	   29    24     0     0     0	-nan	10000.00	10000.00	 +0.00%
1.00 1.00   3  10  30   5  15 0.10 	   29    24    77    44    33	57.14	10000.00	 9048.10	 -9.52%
1.00 1.00   3  10  30   5  15 0.10 	   29    24    39    21    18	53.85	10000.00	 6161.95	-38.38%
1.00 1.00   3  10  30   5  15 0.10 	   29    24    78    45    33	57.69	10000.00	 9855.33	 -1.45%
1.00 1.00   3  10  30   5  15 0.10 	   29    24     0     0     0	-nan	10000.00	10000.00	 +0.00%
1.00 1.00   3  10  30   5  15 0.10 	   29    24     0     0     0	-nan	10000.00	10000.00	 +0.00%
1.00 1.00   3  10  30   5  15 0.10 	   29    23   264   143   121	54.17	10000.00	 3632.36	-63.68%
1.00 1.00   3  10  30   5  15 0.10 	   29    24     8     1     7	12.50	10000.00	 1739.06	-82.61%
1.00 1.00   3  10  30   5  15 0.10 	   29    24     0     0     0	-nan	10000.00	10000.00	 +0.00%
1.00 1.00   3  10  30   5  15 0.10 	   29    24   227   126   101	55.51	10000.00	 7384.18	-26.16%
1.00 1.00   3  10  30   5  15 0.10 	   29    24   192   106    86	55.21	10000.00	 4941.70	-50.58%
1.00 1.00   3  10  30   5  15 0.10 	   29    24     0     0     0	-nan	10000.00	10000.00	 +0.00%
1.00 1.00   3  10  30   5  15 0.10 	   29    24     4     0     4	0.00	10000.00	 8501.07	-14.99%
1.00 1.00   3  10  30   5  15 0.10 	   29    24     0     0     0	-nan	10000.00	10000.00	 +0.00%
1.00 1.00   3  10  30   5  15 0.10 	   29    24   195    99    96	50.77	10000.00	 1622.06	-83.78%
1.00 1.00   3  10  30   5  15 0.10 	   29    24   264   143   121	54.17	10000.00	 3632.36	-63.68%
1.00 1.00   3  10  30   5  15 0.10 	   29    24   231   125   106	54.11	10000.00	 4988.76	-50.11%
1.00 1.00   3  10  30   5  15 0.10 	   29    24     0     0     0	-nan	10000.00	10000.00	 +0.00%
1.00 1.00   3  10  30   5  15 0.10 	   29    24     0     0     0	-nan	10000.00	10000.00	 +0.00%
1.00 1.00   3  10  30   5  15 0.10 	   29    24     0     0     0	-nan	10000.00	10000.00	 +0.00%
1.00 1.00   3  10  30   5  15 0.10 	   29    24     0     0     0	-nan	10000.00	10000.00	 +0.00%
1.00 1.00   3  10  30   5  15 0.10 	   29    24    42    25    17	59.52	10000.00	20334.58	+103.35%
1.00 1.00   3  10  30   5  15 0.10 	   29    24     0     0     0	-nan	10000.00	10000.00	 +0.00%
1.00 1.00   3  10  30   5  15 0.10 	   29    24   204   117    87	57.35	10000.00	 5580.43	-44.20%
1.00 1.00   3  10  30   5  15 0.10 	   29    24     2     0     2	0.00	10000.00	 9119.46	 -8.81%
1.00 1.00   3  10  30   5  15 0.10 	   29    24   122    66    56	54.10	10000.00	 5760.25	-42.40%
1.00 1.00   3  10  30   5  15 0.10 	   29    24     7     1     6	14.29	10000.00	 8356.25	-16.44%
1.00 1.00   3  10  30   5  15 0.10 	   29    23     5     1     4	20.00	10000.00	 8632.48	-13.68%
1.00 1.00   3  10  30   5  15 0.10 	   29    24   151    81    70	53.64	10000.00	 3643.34	-63.57%
1.00 1.00   3  10  30   5  15 0.10 	   29    24    32    16    16	50.00	10000.00	 6275.21	-37.25%
1.00 1.00   3  10  30   5  15 0.10 	   29    24     1     0     1	0.00	10000.00	 9724.10	 -2.76%
1.00 1.00   3  10  30   5  15 0.10 	   29    24    35    18    17	51.43	10000.00	 2605.50	-73.95%
1.00 1.00   3  10  30   5  15 0.10 	   29    24    76    45    31	59.21	10000.00	23131.64	+131.32%
1.00 1.00   3  10  30   5  15 0.10 	   29    24   264   143   121	54.17	10000.00	 3632.36	-63.68%
1.00 1.00   3  10  30   5  15 0.10 	   29    24   150    80    70	53.33	10000.00	 3421.64	-65.78%
1.00 1.00   3  10  30   5  15 0.10 	   29    24    67    34    33	50.75	10000.00	 4866.09	-51.34%
1.00 1.00   3  10  30   5  15 0.10 	   29    24   143    77    66	53.85	10000.00	 9994.93	 -0.05%
1.00 1.00   3  10  30   5  15 0.10 	   29    24     6     1     5	16.67	10000.00	 8746.24	-12.54%
1.00 1.00   3  10  30   5  15 0.10 	   29    24    47    25    22	53.19	10000.00	 5839.09	-41.61%
1.00 1.00   3  10  30   5  15 0.10 	   29    23    16     8     8	50.00	10000.00	 6836.39	-31.64%
1.00 1.00   3  10  30   5  15 0.10 	   29    24     0     0     0	-nan	10000.00	10000.00	 +0.00%
1.00 1.00   3  10  30   5  15 0.10 	   29    24     0     0     0	-nan	10000.00	10000.00	 +0.00%
1.00 1.00   3  10  30   5  15 0.10 	   29    24    10     4     6	40.00	10000.00	 6967.08	-30.33%
1.00 1.00   3  10  30   5  15 0.10 	   29    24     0     0     0	-nan	10000.00	10000.00	 +0.00%
1.00 1.00   3  10  30   5  15 0.10 	   29    23     0     0     0	-nan	10000.00	10000.00	 +0.00%
1.00 1.00   3  10  30   5  15 0.10 	   29    23     0     0     0	-nan	10000.00	10000.00	 +0.00%
1.00 1.00   3  10  30   5  15 0.10 	   29    24     1     0     1	0.00	10000.00	 9724.10	 -2.76%
1.00 1.00   3  10  30   5  15 0.10 	   29    24     0     0     0	-nan	10000.00	10000.00	 +0.00%
1.00 1.00   3  10  30   5  15 0.10 	   29    24     0     0     0	-nan	10000.00	10000.00	 +0.00%
1.00 1.00   3  10  30   5  15 0.10 	   29    24     0     0     0	-nan	10000.00	10000.00	 +0.00%
1.00 1.00   3  10  30   5  15 0.10 	   29    24   191   103    88	53.93	10000.00	 8471.23	-15.29%
1.00 1.00   3  10  30   5  15 0.10 	   29    24    10     3     7	30.00	10000.00	 7728.05	-22.72%
1.00 1.00   3  10  30   5  15 0.10 	   29    24     0     0     0	-nan	10000.00	10000.00	 +0.00%
1.00 1.00   3  10  30   5  15 0.10 	   29    24     0     0     0	-nan	10000.00	10000.00	 +0.00%
1.00 1.00   3  10  30   5  15 0.10 	   29    23     0     0     0	-nan	10000.00	10000.00	 +0.00%
1.00 1.00   3  10  30   5  15 0.10 	   29    24   103    53    50	51.46	10000.00	 3784.78	-62.15%
1.00 1.00   3  10  30   5  15 0.10 	   29    24     0     0     0	-nan	10000.00	10000.00	 +0.00%
1.00 1.00   3  10  30   5  15 0.10 	   29    24     0     0     0	-nan	10000.00	10000.00	 +0.00%
1.00 1.00   3  10  30   5  15 0.10 	   29    24   264   143   121	54.17	10000.00	 3632.36	-63.68%
1.00 1.00   3  10  30   5  15 0.10 	   29    24     0     0     0	-nan	10000.00	10000.00	 +0.00%
1.00 1.00   3  10  30   5  15 0.10 	   29    24     4     0     4	0.00	10000.00	 8501.07	-14.99%
1.00 1.00   3  10  30   5  15 0.10 	   29    24   249   136   113	54.62	10000.00	12416.77	+24.17%
1.00 1.00   3  10  30   5  15 0.10 	   29    24    53    28    25	52.83	10000.00	 4906.19	-50.94%
1.00 1.00   3  10  30   5  15 0.10 	   29    24     0     0     0	-nan	10000.00	10000.00	 +0.00%
1.00 1.00   3  10  30   5  15 0.10 	   29    24    33    19    14	57.58	10000.00	 4168.42	-58.32%
1.00 1.00   3  10  30   5  15 0.10 	   29    24   184    96    88	52.17	10000.00	 1982.42	-80.18%
1.00 1.00   3  10  30   5  15 0.10 	   29    24     8     2     6	25.00	10000.00	 8618.53	-13.81%
1.00 1.00   3  10  30   5  15 0.10 	   29    24   195   106    89	54.36	10000.00	 4478.91	-55.21%
1.00 1.00   3  10  30   5  15 0.10 	   29    24   135    71    64	52.59	10000.00	 6136.65	-38.63%
1.00 1.00   3  10  30   5  15 0.10 	   29    24     4     2     2	50.00	10000.00	11040.22	+10.40%
1.00 1.00   3  10  30   5  15 0.10 	   29    24     0     0     0	-nan	10000.00	10000.00	 +0.00%
1.00 1.00   3  10  30   5  15 0.10 	   29    24     0     0     0	-nan	10000.00	10000.00	 +0.00%
1.00 1.00   3  10  30   5  15 0.10 	   29    24     0     0     0	-nan	10000.00	10000.00	 +0.00%
1.00 1.00   3  10  30   5  15 0.10 	   29    24    91    51    40	56.04	10000.00	 5801.18	-41.99%
1.00 1.00   3  10  30   5  15 0.10 	   29    24    80    47    33	58.75	10000.00	14675.21	+46.75%
1.00 1.00   3  10  30   5  15 0.10 	   29    24   264   143   121	54.17	10000.00	 3632.36	-63.68%
1.00 1.00   3  10  30   5  15 0.10 	   29    24     0     0     0	-nan	10000.00	10000.00	 +0.00%
1.00 1.00   3  10  30   5  15 0.10 	   29    24   118    63    55	53.39	10000.00	 3434.81	-65.65%
1.00 1.00   3  10  30   5  15 0.10 	   29    24    10     2     8	20.00	10000.00	 7191.27	-28.09%
1.00 1.00   3  10  30   5  15 0.10 	   29    24     0     0     0	-nan	10000.00	10000.00	 +0.00%
1.00 1.00   3  10  30   5  15 0.10 	   29    24    24     8    16	33.33	10000.00	 4455.63	-55.44%
1.00 1.00   3  10  30   5  15 0.10 	   29    24     2     0     2	0.00	10000.00	 9240.93	 -7.59%
1.00 1.00   3  10  30   5  15 0.10 	   29    24     0     0     0	-nan	10000.00	10000.00	 +0.00%
1.00 1.00   3  10  30   5  15 0.10 	   29    24   264   143   121	54.17	10000.00	 3632.36	-63.68%
1.00 1.00   3  10  30   5  15 0.10 	   29    24     0     0     0	-nan	10000.00	10000.00	 +0.00%
1.00 1.00   3  10  30   5  15 0.10 	   29    24     4     0     4	0.00	10000.00	 8501.07	-14.99%
1.00 1.00   3  10  30   5  15 0.10 	   29    24     2     0     2	0.00	10000.00	 9119.46	 -8.81%
1.00 1.00   3  10  30   5  15 0.10 	   29    24     0     0     0	-nan	10000.00	10000.00	 +0.00%
1.00 1.00   3  10  30   5  15 0.10 	   29    24   194   111    83	57.22	10000.00	 5850.60	-41.49%
1.00 1.00   3  10  30   5  15 0.10 	   29    24   232   132   100	56.90	10000.00	 8115.73	-18.84%
1.00 1.00   3  10  30   5  15 0.10 	   29    24     0     0     0	-nan	10000.00	10000.00	 +0.00%
1.00 1.00   3  10  30   5  15 0.10 	   29    24     0     0     0	-nan	10000.00	10000.00	 +0.00%
1.00 1.00   3  10  30   5  15 0.10 	   29    24   134    71    63	52.99	10000.00	 3599.17	-64.01%
1.00 1.00   3  10  30   5  15 0.10 	   29    24    15     4    11	26.67	10000.00	 6910.39	-30.90%
1.00 1.00   3  10  30   5  15 0.10 	   29    24   223   123   100	55.16	10000.00	 6736.25	-32.64%
1.00 1.00   3  10  30   5  15 0.10 	   29    24     0     0     0	-nan	10000.00	10000.00	 +0.00%
1.00 1.00   3  10  30   5  15 0.10 	   29    24    22    14     8	63.64	10000.00	10117.81	 +1.18%
1.00 1.00   3  10  30   5  15 0.10 	   29    24   196   112    84	57.14	10000.00	 6056.39	-39.44%
1.00 1.00   3  10  30   5  15 0.10 	   29    24   134    70    64	52.24	10000.00	 5751.50	-42.49%
1.00 1.00   3  10  30   5  15 0.10 	   29    24    83    36    47	43.37	10000.00	 1195.06	-88.05%
1.00 1.00   3  10  30   5  15 0.10 	   29    24     0     0     0	-nan	10000.00	10000.00	 +0.00%
1.00 1.00   3  10  30   5  15 0.10 	   29    24     0     0     0	-nan	10000.00	10000.00	 +0.00%
1.00 1.00   3  10  30   5  15 0.10 	   29    24     5     1     4	20.00	10000.00	 8973.94	-10.26%
1.00 1.00   3  10  30   5  15 0.10 	   29    24   110    58    52	52.73	10000.00	 4318.16	-56.82%
1.00 1.00   3  10  30   5  15 0.10 	   29    24   125    65    60	52.00	10000.00	 5106.74	-48.93%
1.00 1.00   3  10  30   5  15 0.10 	   29    23     0     0     0	-nan	10000.00	10000.00	 +0.00%
1.00 1.00   3  10  30   5  15 0.10 	   29    24     6     1     5	16.67	10000.00	 8746.24	-12.54%
1.00 1.00   3  10  30   5  15 0.10 	   29    22    14     2    12	14.29	10000.00	 6477.81	-35.22%
1.00 1.00   3  10  30   5  15 0.10 	   29    24     0     0     0	-nan	10000.00	10000.00	 +0.00%
1.00 1.00   3  10  30   5  15 0.10 	   29    24   162    87    75	53.70	10000.00	 2865.61	-71.34%
1.00 1.00   3  10  30   5  15 0.10 	   29    24   264   143   121	54.17	10000.00	 3632.36	-63.68%
1.00 1.00   3  10  30   5  15 0.10 	   29    24   246   129   117	52.44	10000.00	 6796.90	-32.03%
1.00 1.00   3  10  30   5  15 0.10 	   29    24    20     6    14	30.00	10000.00	 5235.03	-47.65%
1.00 1.00   3  10  30   5  15 0.10 	   29    24     4     0     4	0.00	10000.00	 8647.10	-13.53%
1.00 1.00   3  10  30   5  15 0.10 	   29    23     0     0     0	-nan	10000.00	10000.00	 +0.00%
1.00 1.00   3  10  30   5  15 0.10 	   29    24   179   101    78	56.42	10000.00	 4354.99	-56.45%
1.00 1.00   3  10  30   5  15 0.10 	   29    24   165    83    82	50.30	10000.00	 3218.50	-67.81%
1.00 1.00   3  10  30   5  15 0.10 	   29    24    59    27    32	45.76	10000.00	 1291.57	-87.08%
1.00 1.00   3  10  30   5  15 0.10 	   29    23   264   143   121	54.17	10000.00	 3632.36	-63.68%
1.00 1.00   3  10  30   5  15 0.10 	   29    24     6     1     5	16.67	10000.00	 8750.55	-12.49%
1.00 1.00   3  10  30   5  15 0.10 	   29    24     6     1     5	16.67	10000.00	 8569.58	-14.30%
1.00 1.00   3  10  30   5  15 0.10 	   29    24   124    58    66	46.77	10000.00	 2130.99	-78.69%
1.00 1.00   3  10  30   5  15 0.10 	   29    24     9     2     7	22.22	10000.00	 7760.89	-22.39%
1.00 1.00   3  10  30   5  15 0.10 	   29    23     0     0     0	-nan	10000.00	10000.00	 +0.00%
1.00 1.00   3  10  30   5  15 0.10 	   29    24   264   143   121	54.17	10000.00	 3632.36	-63.68%
1.00 1.00   3  10  30   5  15 0.10 	   29    24     1     0     1	0.00	10000.00	 9672.97	 -3.27%
1.00 1.00   3  10  30   5  15 0.10 	   29    24     0     0     0	-nan	10000.00	10000.00	 +0.00%
1.00 1.00   3  10  30   5  15 0.10 	   29    24    12     2    10	16.67	10000.00	 7564.94	-24.35%
1.00 1.00   3  10  30   5  15 0.10 	   29    24    10     3     7	30.00	10000.00	 7728.05	-22.72%
1.00 1.00   3  10  30   5  15 0.10 	   29    24     3     0     3	0.00	10000.00	 8908.56	-10.91%
1.00 1.00   3  10  30   5  15 0.10 	   29    24    14     2    12	14.29	10000.00	 6348.34	-36.52%
1.00 1.00   3  10  30   5  15 0.10 	   29    24   207   114    93	55.07	10000.00	 4061.49	-59.39%
1.00 1.00   3  10  30   5  15 0.10 	   29    24    19     6    13	31.58	10000.00	 5708.93	-42.91%
1.00 1.00   3  10  30   5  15 0.10 	   29    24   137    74    63	54.01	10000.00	 6847.56	-31.52%
1.00 1.00   3  10  30   5  15 0.10 	   29    24    16     5    11	31.25	10000.00	 1582.96	-84.17%
1.00 1.00   3  10  30   5  15 0.10 	   29    24   143    79    64	55.24	10000.00	13515.09	+35.15%
1.00 1.00   3  10  30   5  15 0.10 	   29    24   134    69    65	51.49	10000.00	 5135.15	-48.65%
1.00 1.00   3  10  30   5  15 0.10 	   29    24     0     0     0	-nan	10000.00	10000.00	 +0.00%
1.00 1.00   3  10  30   5  15 0.10 	   29    24   104    56    48	53.85	10000.00	20024.49	+100.24%
1.00 1.00   3  10  30   5  15 0.10 	   29    24     0     0     0	-nan	10000.00	10000.00	 +0.00%
1.00 1.00   3  10  30   5  15 0.10 	   29    24   194   106    88	54.64	10000.00	 4751.25	-52.49%
1.00 1.00   3  10  30   5  15 0.10 	   29    24     0     0     0	-nan	10000.00	10000.00	 +0.00%
1.00 1.00   3  10  30   5  15 0.10 	   29    24     0     0     0	-nan	10000.00	10000.00	 +0.00%
1.00 1.00   3  10  30   5  15 0.10 	   29    24   140    72    68	51.43	10000.00	 4259.85	-57.40%
1.00 1.00   3  10  30   5  15 0.10 	   29    24     2     0     2	0.00	10000.00	 9428.11	 -5.72%
1.00 1.00   3  10  30   5  15 0.10 	   29    24     0     0     0	-nan	10000.00	10000.00	 +0.00%
1.00 1.00   3  10  30   5  15 0.10 	   29    24   123    63    60	51.22	10000.00	16217.27	+62.17%
1.00 1.00   3  10  30   5  15 0.10 	   29    24    11     3     8	27.27	10000.00	 7200.95	-27.99%
1.00 1.00   3  10  30   5  15 0.10 	   29    24     0     0     0	-nan	10000.00	10000.00	 +0.00%
1.00 1.00   3  10  30   5  15 0.10 	   29    24    33    19    14	57.58	10000.00	 3399.43	-66.01%
1.00 1.00   3  10  30   5  15 0.10 	   29    24     0     0     0	-nan	10000.00	10000.00	 +0.00%
1.00 1.00   3  10  30   5  15 0.10 	   29    24   129    67    62	51.94	10000.00	 4425.56	-55.74%
1.00 1.00   3  10  30   5  15 0.10 	   29    24     0     0     0	-nan	10000.00	10000.00	 +0.00%
1.00 1.00   3  10  30   5  15 0.10 	   29    24   264   143   121	54.17	10000.00	 3632.36	-63.68%
1.00 1.00   3  10  30   5  15 0.10 	   29    24     3     0     3	0.00	10000.00	 8908.56	-10.91%
1.00 1.00   3  10  30   5  15 0.10 	   29    24     0     0     0	-nan	10000.00	10000.00	 +0.00%
1.00 1.00   3  10  30   5  15 0.10 	   29    24    19     6    13	31.58	10000.00	 5773.32	-42.27%
1.00 1.00   3  10  30   5  15 0.10 	   29    24     0     0     0	-nan	10000.00	10000.00	 +0.00%
1.00 1.00   3  10  30   5  15 0.10 	   29    24    80    46    34	57.50	10000.00	20826.29	+108.26%
1.00 1.00   3  10  30   5  15 0.10 	   29    24     0     0     0	-nan	10000.00	10000.00	 +0.00%
1.00 1.00   3  10  30   5  15 0.10 	   29    22   140    77    63	55.00	10000.00	26687.26	+166.87%
1.00 1.00   3  10  30   5  15 0.10 	   29    24     4     0     4	0.00	10000.00	 8501.07	-14.99%
1.00 1.00   3  10  30   5  15 0.10 	   29    24    10     3     7	30.00	10000.00	 7853.17	-21.47%
1.00 1.00   3  10  30   5  15 0.10 	   29    24   264   143   121	54.17	10000.00	 3632.36	-63.68%
1.00 1.00   3  10  30   5  15 0.10 	   29    24     0     0     0	-nan	10000.00	10000.00	 +0.00%
1.00 1.00   3  10  30   5  15 0.10 	   29    24     0     0     0	-nan	10000.00	10000.00	 +0.00%
1.00 1.00   3  10  30   5  15 0.10 	   29    24     0     0     0	-nan	10000.00	10000.00	 +0.00%
1.00 1.00   3  10  30   5  15 0.10 	   29    24     0     0     0	-nan	10000.00	10000.00	 +0.00%
1.00 1.00   3  10  30   5  15 0.10 	   29    24     0     0     0	-nan	10000.00	10000.00	 +0.00%
1.00 1.00   3  10  30   5  15 0.10 	   29    24     0     0     0	-nan	10000.00	10000.00	 +0.00%
1.00 1.00   3  10  30   5  15 0.10 	   29    24    39    24    15	61.54	10000.00	 5803.96	-41.96%
1.00 1.00   3  10  30   5  15 0.10 	   29    24   204   114    90	55.88	10000.00	 4607.10	-53.93%
1.00 1.00   3  10  30   5  15 0.10 	   29    24     2     0     2	0.00	10000.00	 9119.46	 -8.81%
1.00 1.00   3  10  30   5  15 0.10 	   29    23   235   126   109	53.62	10000.00	 9104.81	 -8.95%
1.00 1.00   3  10  30   5  15 0.10 	   29    24     0     0     0	-nan	10000.00	10000.00	 +0.00%
1.00 1.00   3  10  30   5  15 0.10 	   29    24     0     0     0	-nan	10000.00	10000.00	 +0.00%
1.00 1.00   3  10  30   5  15 0.10 	   29    24   101    55    46	54.46	10000.00	10024.91	 +0.25%
1.00 1.00   3  10  30   5  15 0.10 	   29    24     0     0     0	-nan	10000.00	10000.00	 +0.00%
1.00 1.00   3  10  30   5  15 0.10 	   29    24     3     0     3	0.00	10000.00	 9007.01	 -9.93%
1.00 1.00   3  10  30   5  15 0.10 	   29    24    10     3     7	30.00	10000.00	 7853.17	-21.47%
1.00 1.00   3  10  30   5  15 0.10 	   29    24     0     0     0	-nan	10000.00	10000.00	 +0.00%
1.00 1.00   3  10  30   5  15 0.10 	   29    24     4     0     4	0.00	10000.00	 8626.57	-13.73%
1.00 1.00   3  10  30   5  15 0.10 	   29    24   188   101    87	53.72	10000.00	 3435.00	-65.65%
1.00 1.00   3  10  30   5  15 0.10 	   29    24     0     0     0	-nan	10000.00	10000.00	 +0.00%
1.00 1.00   3  10  30   5  15 0.10 	   29    24     4     0     4	0.00	10000.00	 8505.26	-14.95%
1.00 1.00   3  10  30   5  15 0.10 	   29    24     9     2     7	22.22	10000.00	 8115.26	-18.85%
1.00 1.00   3  10  30   5  15 0.10 	   29    24   264   143   121	54.17	10000.00	 3632.36	-63.68%
1.00 1.00   3  10  30   5  15 0.10 	   29    22   231   122   109	52.81	10000.00	 2177.04	-78.23%
1.00 1.00   3  10  30   5  15 0.10 	   29    24    11     3     8	27.27	10000.00	 7588.49	-24.12%
1.00 1.00   3  10  30   5  15 0.10 	   29    24     0     0     0	-nan	10000.00	10000.00	 +0.00%
1.00 1.00   3  10  30   5  15 0.10 	   29    23   111    62    49	55.86	10000.00	 4038.23	-59.62%
1.00 1.00   3  10  30   5  15 0.10 	   29    24   246   137   109	55.69	10000.00	 5696.80	-43.03%
1.00 1.00   3  10  30   5  15 0.10 	   29    24   264   143   121	54.17	10000.00	 3632.36	-63.68%
1.00 1.00   3  10  30   5  15 0.10 	   29    24    34    19    15	55.88	10000.00	 3849.68	-61.50%
1.00 1.00   3  10  30   5  15 0.10 	   29    24     0     0     0	-nan	10000.00	10000.00	 +0.00%
1.00 1.00   3  10  30   5  15 0.10 	   29    24     0     0     0	-nan	10000.00	10000.00	 +0.00%
1.00 1.00   3  10  30   5  15 0.10 	   29    24   133    73    60	54.89	10000.00	21062.58	+110.63%
1.00 1.00   3  10  30   5  15 0.10 	   29    24     5     1     4	20.00	10000.00	 8973.94	-10.26%
1.00 1.00   3  10  30   5  15 0.10 	   29    24    27    11    16	40.74	10000.00	 6546.04	-34.54%
1.00 1.00   3  10  30   5  15 0.10 	   29    24   184    91    93	49.46	10000.00	 6723.76	-32.76%
1.00 1.00   3  10  30   5  15 0.10 	   29    24     0     0     0	-nan	10000.00	10000.00	 +0.00%
1.00 1.00   3  10  30   5  15 0.10 	   29    24   186   101    85	54.30	10000.00	 8222.04	-17.78%
1.00 1.00   3  10  30   5  15 0.10 	   29    23     3     0     3	0.00	10000.00	 8908.56	-10.91%
1.00 1.00   3  10  30   5  15 0.10 	   29    23   264   143   121	54.17	10000.00	 3632.36	-63.68%
1.00 1.00   3  10  30   5  15 0.10 	   29    24     0     0     0	-nan	10000.00	10000.00	 +0.00%
1.00 1.00   3  10  30   5  15 0.10 	   29    24     0     0     0	-nan	10000.00	10000.00	 +0.00%
1.00 1.00   3  10  30   5  15 0.10 	   29    24     0     0     0	-nan	10000.00	10000.00	 +0.00%
1.00 1.00   3  10  30   5  15 0.10 	   29    24     3     0     3	0.00	10000.00	 9007.01	 -9.93%
1.00 1.00   3  10  30   5  15 0.10 	   29    24    30    16    14	53.33	10000.00	 2863.21	-71.37%
1.00 1.00   3  10  30   5  15 0.10 	   29    24   111    64    47	57.66	10000.00	 4702.52	-52.97%
1.00 1.00   3  10  30   5  15 0.10 	   29    24   176    92    84	52.27	10000.00	 7149.45	-28.51%
1.00 1.00   3  10  30   5  15 0.10 	   29    24   185    94    91	50.81	10000.00	 3767.88	-62.32%
1.00 1.00   3  10  30   5  15 0.10 	   29    24     0     0     0	-nan	10000.00	10000.00	 +0.00%
1.00 1.00   3  10  30   5  15 0.10 	   29    24     0     0     0	-nan	10000.00	10000.00	 +0.00%
1.00 1.00   3  10  30   5  15 0.10 	   29    24     0     0     0	-nan	10000.00	10000.00	 +0.00%
1.00 1.00   3  10  30   5  15 0.10 	   29    24    11     5     6	45.45	10000.00	 6698.64	-33.01%
1.00 1.00   3  10  30   5  15 0.10 	   29    24   185    98    87	52.97	10000.00	 2903.55	-70.96%
1.00 1.00   3  10  30   5  15 0.10 	   29    24     0     0     0	-nan	10000.00	10000.00	 +0.00%
1.00 1.00   3  10  30   5  15 0.10 	   29    24   187    95    92	50.80	10000.00	 3894.12	-61.06%
1.00 1.00   3  10  30   5  15 0.10 	   29    23   264   143   121	54.17	10000.00	 3632.36	-63.68%
1.00 1.00   3  10  30   5  15 0.10 	   29    23   264   143   121	54.17	10000.00	 3632.36	-63.68%
1.00 1.00   3  10  30   5  15 0.10 	   29    24    18     7    11	38.89	10000.00	 7970.93	-20.29%
1.00 1.00   3  10  30   5  15 0.10 	   29    24   118    64    54	54.24	10000.00	 4467.66	-55.32%
1.00 1.00   3  10  30   5  15 0.10 	   29    24     0     0     0	-nan	10000.00	10000.00	 +0.00%
1.00 1.00   3  10  30   5  15 0.10 	   29    24   264   143   121	54.17	10000.00	 3632.36	-63.68%
1.00 1.00   3  10  30   5  15 0.10 	   29    24   178    97    81	54.49	10000.00	 6938.67	-30.61%
1.00 1.00   3  10  30   5  15 0.10 	   29    24    25     9    16	36.00	10000.00	 4717.20	-52.83%
1.00 1.00   3  10  30   5  15 0.10 	   29    24     0     0     0	-nan	10000.00	10000.00	 +0.00%
1.00 1.00   3  10  30   5  15 0.10 	   29    24     0     0     0	-nan	10000.00	10000.00	 +0.00%
1.00 1.00   3  10  30   5  15 0.10 	   29    24   196   112    84	57.14	10000.00	 6056.39	-39.44%
1.00 1.00   3  10  30   5  15 0.10 	   29    24   264   143   121	54.17	10000.00	 3632.36	-63.68%
1.00 1.00   3  10  30   5  15 0.10 	   29    24     0     0     0	-nan	10000.00	10000.00	 +0.00%
1.00 1.00   3  10  30   5  15 0.10 	   29    24     0     0     0	-nan	10000.00	10000.00	 +0.00%
1.00 1.00   3  10  30   5  15 0.10 	   29    24     5     1     4	20.00	10000.00	 8973.94	-10.26%
1.00 1.00   3  10  30   5  15 0.10 	   29    24   264   143   121	54.17	10000.00	 3632.36	-63.68%
1.00 1.00   3  10  30   5  15 0.10 	   29    24   196   107    89	54.59	10000.00	 4290.43	-57.10%
1.00 1.00   3  10  30   5  15 0.10 	   29    24     0     0     0	-nan	10000.00	10000.00	 +0.00%
1.00 1.00   3  10  30   5  15 0.10 	   29    24     3     0     3	0.00	10000.00	 8908.56	-10.91%
1.00 1.00   3  10  30   5  15 0.10 	   29    23    65    34    31	52.31	10000.00	 5337.33	-46.63%
1.00 1.00   3  10  30   5  15 0.10 	   29    24     0     0     0	-nan	10000.00	10000.00	 +0.00%
1.00 1.00   3  10  30   5  15 0.10 	   29    23    10     3     7	30.00	10000.00	 7853.17	-21.47%
1.00 1.00   3  10  30   5  15 0.10 	   29    24    10     2     8	20.00	10000.00	 7253.89	-27.46%
1.00 1.00   3  10  30   5  15 0.10 	   29    23   264   143   121	54.17	10000.00	 3632.36	-63.68%
1.00 1.00   3  10  30   5  15 0.10 	   29    24   130    67    63	51.54	10000.00	 5080.46	-49.20%
1.00 1.00   3  10  30   5  15 0.10 	   29    24     6     1     5	16.67	10000.00	 8746.24	-12.54%
1.00 1.00   3  10  30   5  15 0.10 	   29    24    15     4    11	26.67	10000.00	 6910.39	-30.90%
1.00 1.00   3  10  30   5  15 0.10 	   29    24   168    94    74	55.95	10000.00	 7077.39	-29.23%
1.00 1.00   3  10  30   5  15 0.10 	   29    24    39    19    20	48.72	10000.00	13195.56	+31.96%
1.00 1.00   3  10  30   5  15 0.10 	   29    24     0     0     0	-nan	10000.00	10000.00	 +0.00%
1.00 1.00   3  10  30   5  15 0.10 	   29    24     0     0     0	-nan	10000.00	10000.00	 +0.00%
1.00 1.00   3  10  30   5  15 0.10 	   29    24   185   104    81	56.22	10000.00	 8985.00	-10.15%
1.00 1.00   3  10  30   5  15 0.10 	   29    24     7     5     2	71.43	10000.00	15503.06	+55.03%
1.00 1.00   3  10  30   5  15 0.10 	   29    24     0     0     0	-nan	10000.00	10000.00	 +0.00%
1.00 1.00   3  10  30   5  15 0.10 	   29    24     0     0     0	-nan	10000.00	10000.00	 +0.00%
1.00 1.00   3  10  30   5  15 0.10 	   29    24     0     0     0	-nan	10000.00	10000.00	 +0.00%
1.00 1.00   3  10  30   5  15 0.10 	   29    23   264   143   121	54.17	10000.00	 3632.36	-63.68%
1.00 1.00   3  10  30   5  15 0.10 	   29    24    62    35    27	56.45	10000.00	34334.80	+243.35%
1.00 1.00   3  10  30   5  15 0.10 	   29    24     0     0     0	-nan	10000.00	10000.00	 +0.00%
1.00 1.00   3  10  30   5  15 0.10 	   29    24   203   114    89	56.16	10000.00	 7241.81	-27.58%
1.00 1.00   3  10  30   5  15 0.10 	   29    24     0     0     0	-nan	10000.00	10000.00	 +0.00%
1.00 1.00   3  10  30   5  15 0.10 	   29    24     5     1     4	20.00	10000.00	 8969.53	-10.30%
1.00 1.00   3  10  30   5  15 0.10 	   29    24   248   132   116	53.23	10000.00	14526.69	+45.27%
1.00 1.00   3  10  30   5  15 0.10 	   29    24     0     0     0	-nan	10000.00	10000.00	 +0.00%
1.00 1.00   3  10  30   5  15 0.10 	   29    24     0     0     0	-nan	10000.00	10000.00	 +0.00%
1.00 1.00   3  10  30   5  15 0.10 	   29    24     0     0     0	-nan	10000.00	10000.00	 +0.00%
1.00 1.00   3  10  30   5  15 0.10 	   29    24     0     0     0	-nan	10000.00	10000.00	 +0.00%
1.00 1.00   3  10  30   5  15 0.10 	   29    23     0     0     0	-nan	10000.00	10000.00	 +0.00%
1.00 1.00   3  10  30   5  15 0.10 	   29    23   247   131   116	53.04	10000.00	16462.95	+64.63%
1.00 1.00   3  10  30   5  15 0.10 	   29    24   150    76    74	50.67	10000.00	 3287.72	-67.12%
1.00 1.00   3  10  30   5  15 0.10 	   29    24   100    54    46	54.00	10000.00	 5030.34	-49.70%
1.00 1.00   3  10  30   5  15 0.10 	   29    24    88    48    40	54.55	10000.00	 7903.92	-20.96%
1.00 1.00   3  10  30   5  15 0.10 	   29    24   118    62    56	52.54	10000.00	 3421.21	-65.79%
1.00 1.00   3  10  30   5  15 0.10 	   29    24     3     0     3	0.00	10000.00	 9007.01	 -9.93%
1.00 1.00   3  10  30   5  15 0.10 	   29    24     0     0     0	-nan	10000.00	10000.00	 +0.00%
1.00 1.00   3  10  30   5  15 0.10 	   29    24     1     0     1	0.00	10000.00	 9724.10	 -2.76%
1.00 1.00   3  10  30   5  15 0.10 	   29    24     0     0     0	-nan	10000.00	10000.00	 +0.00%
1.00 1.00   3  10  30   5  15 0.10 	   29    24    14     4    10	28.57	10000.00	 7213.74	-27.86%
1.00 1.00   3  10  30   5  15 0.10 	   29    24     0     0     0	-nan	10000.00	10000.00	 +0.00%
1.00 1.00   3  10  30   5  15 0.10 	   29    23     4     0     4	0.00	10000.00	 8501.07	-14.99%
1.00 1.00   3  10  30   5  15 0.10 	   29    24   187   103    84	55.08	10000.00	 5131.66	-48.68%
1.00 1.00   3  10  30   5  15 0.10 	   29    24    59    28    31	47.46	10000.00	10772.40	 +7.72%
1.00 1.00   3  10  30   5  15 0.10 	   29    24    29    16    13	55.17	10000.00	 2734.48	-72.66%
1.00 1.00   3  10  30   5  15 0.10 	   29    24     0     0     0	-nan	10000.00	10000.00	 +0.00%
1.00 1.00   3  10  30   5  15 0.10 	   29    24     0     0     0	-nan	10000.00	10000.00	 +0.00%
1.00 1.00   3  10  30   5  15 0.10 	   29    24     0     0     0	-nan	10000.00	10000.00	 +0.00%
1.00 1.00   3  10  30   5  15 0.10 	   29    23     3     0     3	0.00	10000.00	 8908.56	-10.91%
1.00 1.00   3  10  30   5  15 0.10 	   29    24     0     0     0	-nan	10000.00	10000.00	 +0.00%
1.00 1.00   3  10  30   5  15 0.10 	   29    24   264   143   121	54.17	10000.00	 3632.36	-63.68%
1.00 1.00   3  10  30   5  15 0.10 	   29    24   215   118    97	54.88	10000.00	11696.27	+16.96%
1.00 1.00   3  10  30   5  15 0.10 	   29    24   203   110    93	54.19	10000.00	 5008.75	-49.91%
1.00 1.00   3  10  30   5  15 0.10 	   29    24    18     4    14	22.22	10000.00	 6196.62	-38.03%
1.00 1.00   3  10  30   5  15 0.10 	   29    24   161    88    73	54.66	10000.00	 6190.87	-38.09%
1.00 1.00   3  10  30   5  15 0.10 	   29    24     0     0     0	-nan	10000.00	10000.00	 +0.00%
1.00 1.00   3  10  30   5  15 0.10 	   29    23   140    70    70	50.00	10000.00	 3951.18	-60.49%
1.00 1.00   3  10  30   5  15 0.10 	   29    24    14     2    12	14.29	10000.00	 6477.82	-35.22%
1.00 1.00   3  10  30   5  15 0.10 	   29    24     0     0     0	-nan	10000.00	10000.00	 +0.00%
1.00 1.00   3  10  30   5  15 0.10 	   29    24     5     1     4	20.00	10000.00	 8632.48	-13.68%
1.00 1.00   3  10  30   5  15 0.10 	   29    24     0     0     0	-nan	10000.00	10000.00	 +0.00%
1.00 1.00   3  10  30   5  15 0.10 	   29    24    13     2    11	15.38	10000.00	 6569.75	-34.30%
1.00 1.00   3  10  30   5  15 0.10 	   29    24     0     0     0	-nan	10000.00	10000.00	 +0.00%
1.00 1.00   3  10  30   5  15 0.10 	   29    24     0     0     0	-nan	10000.00	10000.00	 +0.00%
1.00 1.00   3  10  30   5  15 0.10 	   29    24    40    23    17	57.50	10000.00	16424.29	+64.24%
1.00 1.00   3  10  30   5  15 0.10 	   29    24   264   143   121	54.17	10000.00	 3632.36	-63.68%
1.00 1.00   3  10  30   5  15 0.10 	   29    24     0     0     0	-nan	10000.00	10000.00	 +0.00%
1.00 1.00   3  10  30   5  15 0.10 	   29    24    10     3     7	30.00	10000.00	 7728.05	-22.72%
1.00 1.00   3  10  30   5  15 0.10 	   29    24   199   105    94	52.76	10000.00	 3088.83	-69.11%
1.00 1.00   3  10  30   5  15 0.10 	   29    24    10     3     7	30.00	10000.00	 7728.05	-22.72%
1.00 1.00   3  10  30   5  15 0.10 	   29    24     0     0     0	-nan	10000.00	10000.00	 +0.00%
1.00 1.00   3  10  30   5  15 0.10 	   29    24     0     0     0	-nan	10000.00	10000.00	 +0.00%
1.00 1.00   3  10  30   5  15 0.10 	   29    24   119    68    51	57.14	10000.00	 3864.82	-61.35%
1.00 1.00   3  10  30   5  15 0.10 	   29    24    27    10    17	37.04	10000.00	 4462.04	-55.38%
1.00 1.00   3  10  30   5  15 0.10 	   29    24    14     2    12	14.29	10000.00	 6348.34	-36.52%
1.00 1.00   3  10  30   5  15 0.10 	   29    24    92    50    42	54.35	10000.00	 6578.39	-34.22%
1.00 1.00   3  10  30   5  15 0.10 	   29    24   187    95    92	50.80	10000.00	 3894.12	-61.06%
1.00 1.00   3  10  30   5  15 0.10 	   29    24     0     0     0	-nan	10000.00	10000.00	 +0.00%
1.00 1.00   3  10  30   5  15 0.10 	   29    24     6     5     1	83.33	10000.00	15484.59	+54.85%
1.00 1.00   3  10  30   5  15 0.10 	   29    24     1     0     1	0.00	10000.00	 9672.97	 -3.27%
1.00 1.00   3  10  30   5  15 0.10 	   29    24     0     0     0	-nan	10000.00	10000.00	 +0.00%
1.00 1.00   3  10  30   5  15 0.10 	   29    24     0     0     0	-nan	10000.00	10000.00	 +0.00%
1.00 1.00   3  10  30   5  15 0.10 	   29    24   203   114    89	56.16	10000.00	 7669.41	-23.31%
1.00 1.00   3  10  30   5  15 0.10 	   29    24     0     0     0	-nan	10000.00	10000.00	 +0.00%
1.00 1.00   3  10  30   5  15 0.10 	   29    24    35    20    15	57.14	10000.00	 3373.81	-66.26%
1.00 1.00   3  10  30   5  15 0.10 	   29    24     4     2     2	50.00	10000.00	 7478.43	-25.22%
1.00 1.00   3  10  30   5  15 0.10 	   29    23     4     0     4	0.00	10000.00	 8501.07	-14.99%
1.00 1.00   3  10  30   5  15 0.10 	   29    24   191   101    90	52.88	10000.00	 8236.89	-17.63%
1.00 1.00   3  10  30   5  15 0.10 	   29    24    30    12    18	40.00	10000.00	 4448.93	-55.51%
1.00 1.00   3  10  30   5  15 0.10 	   29    24   219   119   100	54.34	10000.00	 4957.06	-50.43%
1.00 1.00   3  10  30   5  15 0.10 	   29    24     0     0     0	-nan	10000.00	10000.00	 +0.00%
1.00 1.00   3  10  30   5  15 0.10 	   29    24   171    93    78	54.39	10000.00	 5635.39	-43.65%
1.00 1.00   3  10  30   5  15 0.10 	   29    24    71    40    31	56.34	10000.00	 6435.35	-35.65%
1.00 1.00   3  10  30   5  15 0.10 	   29    22    10     3     7	30.00	10000.00	 7853.17	-21.47%
1.00 1.00   3  10  30   5  15 0.10 	   29    23     0     0     0	-nan	10000.00	10000.00	 +0.00%
1.00 1.00   3  10  30   5  15 0.10 	   29    24   264   143   121	54.17	10000.00	 3632.36	-63.68%
1.00 1.00   3  10  30   5  15 0.10 	   29    24   198   113    85	57.07	10000.00	 6133.76	-38.66%
1.00 1.00   3  10  30   5  15 0.10 	   29    24   157    85    72	54.14	10000.00	 3722.06	-62.78%
1.00 1.00   3  10  30   5  15 0.10 	   29    24     0     0     0	-nan	10000.00	10000.00	 +0.00%
1.00 1.00   3  10  30   5  15 0.10 	   29    24     7     1     6	14.29	10000.00	 8284.12	-17.16%
1.00 1.00   3  10  30   5  15 0.10 	   29    24    35    17    18	48.57	10000.00	 5857.04	-41.43%
1.00 1.00   3  10  30   5  15 0.10 	   29    24   180   100    80	55.56	10000.00	 7553.72	-24.46%
1.00 1.00   3  10  30   5  15 0.10 	   29    21     4     0     4	0.00	10000.00	 8501.07	-14.99%
1.00 1.00   3  10  30   5  15 0.10 	   29    23   264   143   121	54.17	10000.00	 3632.36	-63.68%
1.00 1.00   3  10  30   5  15 0.10 	   29    24   237   129   108	54.43	10000.00	 4514.54	-54.85%
1.00 1.00   3  10  30   5  15 0.10 	   29    24   212   117    95	55.19	10000.00	 6953.65	-30.46%
1.00 1.00   3  10  30   5  15 0.10 	   29    24   229   130    99	56.77	10000.00	 7378.44	-26.22%
1.00 1.00   3  10  30   5  15 0.10 	   29    24     0     0     0	-nan	10000.00	10000.00	 +0.00%
1.00 1.00   3  10  30   5  15 0.10 	   29    24    95    51    44	53.68	10000.00	 8499.03	-15.01%
1.00 1.00   3  10  30   5  15 0.10 	   29    24    11     3     8	27.27	10000.00	 7086.23	-29.14%
1.00 1.00   3  10  30   5  15 0.10 	   29    24     0     0     0	-nan	10000.00	10000.00	 +0.00%
1.00 1.00   3  10  30   5  15 0.10 	   29    24   167    93    74	55.69	10000.00	 5318.49	-46.82%
1.00 1.00   3  10  30   5  15 0.10 	   29    24     0     0     0	-nan	10000.00	10000.00	 +0.00%
1.00 1.00   3  10  30   5  15 0.10 	   29    24   178   100    78	56.18	10000.00	 4031.58	-59.68%
1.00 1.00   3  10  30   5  15 0.10 	   29    24     0     0     0	-nan	10000.00	10000.00	 +0.00%
1.00 1.00   3  10  30   5  15 0.10 	   29    24     6     1     5	16.67	10000.00	 8750.55	-12.49%
1.00 1.00   3  10  30   5  15 0.10 	   29    24   121    65    56	53.72	10000.00	 3052.86	-69.47%
1.00 1.00   3  10  30   5  15 0.10 	   29    24     0     0     0	-nan	10000.00	10000.00	 +0.00%
1.00 1.00   3  10  30   5  15 0.10 	   29    24    13     4     9	30.77	10000.00	 7578.43	-24.22%
1.00 1.00   3  10  30   5  15 0.10 	   29    24     0     0     0	-nan	10000.00	10000.00	 +0.00%
1.00 1.00   3  10  30   5  15 0.10 	   29    24     0     0     0	-nan	10000.00	10000.00	 +0.00%
1.00 1.00   3  10  30   5  15 0.10 	   29    24   111    58    53	52.25	10000.00	 3565.56	-64.34%
1.00 1.00   3  10  30   5  15 0.10 	   29    24    10     2     8	20.00	10000.00	 7191.27	-28.09%
1.00 1.00   3  10  30   5  15 0.10 	   29    24    30    14    16	46.67	10000.00	 2082.69	-79.17%
1.00 1.00   3  10  30   5  15 0.10 	   29    24     0     0     0	-nan	10000.00	10000.00	 +0.00%
1.00 1.00   3  10  30   5  15 0.10 	   29    24   246   137   109	55.69	10000.00	 4653.83	-53.46%
1.00 1.00   3  10  30   5  15 0.10 	   29    24    14     4    10	28.57	10000.00	 7189.48	-28.11%
1.00 1.00   3  10  30   5  15 0.10 	   29    24     3     0     3	0.00	10000.00	 8908.56	-10.91%
1.00 1.00   3  10  30   5  15 0.10 	   29    24   243   134   109	55.14	10000.00	13446.69	+34.47%
1.00 1.00   3  10  30   5  15 0.10 	   29    24     0     0     0	-nan	10000.00	10000.00	 +0.00%
1.00 1.00   3  10  30   5  15 0.10 	   29    24     0     0     0	-nan	10000.00	10000.00	 +0.00%
1.00 1.00   3  10  30   5  15 0.10 	   29    24     4     1     3	25.00	10000.00	 8595.01	-14.05%
1.00 1.00   3  10  30   5  15 0.10 	   29    24     4     0     4	0.00	10000.00	 8501.07	-14.99%
1.00 1.00   3  10  30   5  15 0.10 	   29    24     3     0     3	0.00	10000.00	 8867.85	-11.32%
1.00 1.00   3  10  30   5  15 0.10 	   29    24    18     6    12	33.33	10000.00	 6797.23	-32.03%
1.00 1.00   3  10  30   5  15 0.10 	   29    24    90    48    42	53.33	10000.00	 5234.89	-47.65%
1.00 1.00   3  10  30   5  15 0.10 	   29    24     0     0     0	-nan	10000.00	10000.00	 +0.00%
1.00 1.00   3  10  30   5  15 0.10 	   29    24     0     0     0	-nan	10000.00	10000.00	 +0.00%
1.00 1.00   3  10  30   5  15 0.10 	   29    24     0     0     0	-nan	10000.00	10000.00	 +0.00%
1.00 1.00   3  10  30   5  15 0.10 	   29    24     6     1     5	16.67	10000.00	 8536.86	-14.63%
1.00 1.00   3  10  30   5  15 0.10 	   29    24    11     3     8	27.27	10000.00	 2083.78	-79.16%
1.00 1.00   3  10  30   5  15 0.10 	   29    24    32    17    15	53.12	10000.00	11664.27	+16.64%
1.00 1.00   3  10  30   5  15 0.10 	   29    24     3     0     3	0.00	10000.00	 9007.01	 -9.93%
1.00 1.00   3  10  30   5  15 0.10 	   29    23     0     0     0	-nan	10000.00	10000.00	 +0.00%
1.00 1.00   3  10  30   5  15 0.10 	   29    24   132    68    64	51.52	10000.00	 2651.01	-73.49%
1.00 1.00   3  10  30   5  15 0.10 	   29    24     6     1     5	16.67	10000.00	 8706.28	-12.94%
1.00 1.00   3  10  30   5  15 0.10 	   29    24     0     0     0	-nan	10000.00	10000.00	 +0.00%
1.00 1.00   3  10  30   5  15 0.10 	   29    23    16     5    11	31.25	10000.00	 7018.46	-29.82%
1.00 1.00   3  10  30   5  15 0.10 	   29    24    12     3     9	25.00	10000.00	 6984.48	-30.16%
1.00 1.00   3  10  30   5  15 0.10 	   29    24    69    40    29	57.97	10000.00	 7463.63	-25.36%
1.00 1.00   3  10  30   5  15 0.10 	   29    24     1     0     1	0.00	10000.00	 9724.10	 -2.76%
1.00 1.00   3  10  30   5  15 0.10 	   29    24     5     0     5	0.00	10000.00	 8251.57	-17.48%
1.00 1.00   3  10  30   5  15 0.10 	   29    24     0     0     0	-nan	10000.00	10000.00	 +0.00%
1.00 1.00   3  10  30   5  15 0.10 	   29    24   174    95    79	54.60	10000.00	 3645.39	-63.55%
1.00 1.00   3  10  30   5  15 0.10 	   29    24     0     0     0	-nan	10000.00	10000.00	 +0.00%
1.00 1.00   3  10  30   5  15 0.10 	   29    24     0     0     0	-nan	10000.00	10000.00	 +0.00%
1.00 1.00   3  10  30   5  15 0.10 	   29    24     0     0     0	-nan	10000.00	10000.00	 +0.00%
1.00 1.00   3  10  30   5  15 0.10 	   29    24     0     0     0	-nan	10000.00	10000.00	 +0.00%
1.00 1.00   3  10  30   5  15 0.10 	   29    24   237   126   111	53.16	10000.00	 5977.05	-40.23%
1.00 1.00   3  10  30   5  15 0.10 	   29    24     0     0     0	-nan	10000.00	10000.00	 +0.00%
1.00 1.00   3  10  30   5  15 0.10 	   29    24     0     0     0	-nan	10000.00	10000.00	 +0.00%
1.00 1.00   3  10  30   5  15 0.10 	   29    24    10     3     7	30.00	10000.00	 7728.05	-22.72%
1.00 1.00   3  10  30   5  15 0.10 	   29    24     1     0     1	0.00	10000.00	 9695.61	 -3.04%
1.00 1.00   3  10  30   5  15 0.10 	   29    24   169    91    78	53.85	10000.00	 3958.81	-60.41%
1.00 1.00   3  10  30   5  15 0.10 	   29    24     4     0     4	0.00	10000.00	 8505.26	-14.95%
1.00 1.00   3  10  30   5  15 0.10 	   29    24     0     0     0	-nan	10000.00	10000.00	 +0.00%
1.00 1.00   3  10  30   5  15 0.10 	   29    24     0     0     0	-nan	10000.00	10000.00	 +0.00%
1.00 1.00   3  10  30   5  15 0.10 	   29    24    98    54    44	55.10	10000.00	 7221.08	-27.79%
1.00 1.00   3  10  30   5  15 0.10 	   29    24    96    56    40	58.33	10000.00	14766.49	+47.66%
1.00 1.00   3  10  30   5  15 0.10 	   29    24   264   143   121	54.17	10000.00	 3632.36	-63.68%
1.00 1.00   3  10  30   5  15 0.10 	   29    24     0     0     0	-nan	10000.00	10000.00	 +0.00%
1.00 1.00   3  10  30   5  15 0.10 	   29    24     0     0     0	-nan	10000.00	10000.00	 +0.00%
1.00 1.00   3  10  30   5  15 0.10 	   29    24     0     0     0	-nan	10000.00	10000.00	 +0.00%
1.00 1.00   3  10  30   5  15 0.10 	   29    24     5     1     4	20.00	10000.00	 8632.48	-13.68%
1.00 1.00   3  10  30   5  15 0.10 	   29    24   117    67    50	57.26	10000.00	 5814.48	-41.86%
1.00 1.00   3  10  30   5  15 0.10 	   29    24   264   143   121	54.17	10000.00	 3632.36	-63.68%
1.00 1.00   3  10  30   5  15 0.10 	   29    24     0     0     0	-nan	10000.00	10000.00	 +0.00%
1.00 1.00   3  10  30   5  15 0.10 	   29    24     0     0     0	-nan	10000.00	10000.00	 +0.00%
1.00 1.00   3  10  30   5  15 0.10 	   29    24     0     0     0	-nan	10000.00	10000.00	 +0.00%
1.00 1.00   3  10  30   5  15 0.10 	   29    24   225   123   102	54.67	10000.00	 4628.56	-53.71%
1.00 1.00   3  10  30   5  15 0.10 	   29    23   133    69    64	51.88	10000.00	 5627.10	-43.73%
1.00 1.00   3  10  30   5  15 0.10 	   29    24   185    99    86	53.51	10000.00	 9885.87	 -1.14%
1.00 1.00   3  10  30   5  15 0.10 	   29    24    46    17    29	36.96	10000.00	 4414.76	-55.85%
1.00 1.00   3  10  30   5  15 0.10 	   29    22   223   118   105	52.91	10000.00	 3165.74	-68.34%
1.00 1.00   3  10  30   5  15 0.10 	   29    24   218   121    97	55.50	10000.00	 5744.10	-42.56%
1.00 1.00   3  10  30   5  15 0.10 	   29    24   129    71    58	55.04	10000.00	11672.47	+16.72%
1.00 1.00   3  10  30   5  15 0.10 	   29    24   191   101    90	52.88	10000.00	 5871.41	-41.29%
1.00 1.00   3  10  30   5  15 0.10 	   29    24   245   136   109	55.51	10000.00	 6374.19	-36.26%
1.00 1.00   3  10  30   5  15 0.10 	   29    24   111    63    48	56.76	10000.00	 4288.13	-57.12%
1.00 1.00   3  10  30   5  15 0.10 	   29    24   223   122   101	54.71	10000.00	 5243.74	-47.56%
1.00 1.00   3  10  30   5  15 0.10 	   29    24     0     0     0	-nan	10000.00	10000.00	 +0.00%
1.00 1.00   3  10  30   5  15 0.10 	   29    24   264   143   121	54.17	10000.00	 3632.36	-63.68%
1.00 1.00   3  10  30   5  15 0.10 	   29    24     0     0     0	-nan	10000.00	10000.00	 +0.00%
1.00 1.00   3  10  30   5  15 0.10 	   29    24     6     2     4	33.33	10000.00	 5959.11	-40.41%
1.00 1.00   3  10  30   5  15 0.10 	   29    24     7     5     2	71.43	10000.00	15489.76	+54.90%
1.00 1.00   3  10  30   5  15 0.10 	   29    24   172    91    81	52.91	10000.00	 5362.64	-46.37%
1.00 1.00   3  10  30   5  15 0.10 	   29    24    97    52    45	53.61	10000.00	 6586.91	-34.13%
1.00 1.00   3  10  30   5  15 0.10 	   29    24     0     0     0	-nan	10000.00	10000.00	 +0.00%
1.00 1.00   3  10  30   5  15 0.10 	   29    24     1     0     1	0.00	10000.00	 9583.03	 -4.17%
1.00 1.00   3  10  30   5  15 0.10 	   29    24     0     0     0	-nan	10000.00	10000.00	 +0.00%
1.00 1.00   3  10  30   5  15 0.10 	   29    24    10     3     7	30.00	10000.00	 7728.05	-22.72%
1.00 1.00   3  10  30   5  15 0.10 	   29    24    12     5     7	41.67	10000.00	 8778.85	-12.21%
1.00 1.00   3  10  30   5  15 0.10 	   29    24    36    18    18	50.00	10000.00	 5250.42	-47.50%
1.00 1.00   3  10  30   5  15 0.10 	   29    24    41    24    17	58.54	10000.00	19318.90	+93.19%
1.00 1.00   3  10  30   5  15 0.10 	   29    24     0     0     0	-nan	10000.00	10000.00	 +0.00%
1.00 1.00   3  10  30   5  15 0.10 	   29    24     0     0     0	-nan	10000.00	10000.00	 +0.00%
1.00 1.00   3  10  30   5  15 0.10 	   29    24     1     0     1	0.00	10000.00	 9695.61	 -3.04%
1.00 1.00   3  10  30   5  15 0.10 	   29    24     0     0     0	-nan	10000.00	10000.00	 +0.00%
1.00 1.00   3  10  30   5  15 0.10 	   29    24   181   101    80	55.80	10000.00	 5266.37	-47.34%
1.00 1.00   3  10  30   5  15 0.10 	   29    24   199   110    89	55.28	10000.00	 7589.72	-24.10%
1.00 1.00   3  10  30   5  15 0.10 	   29    24    40    14    26	35.00	10000.00	 1006.21	-89.94%
1.00 1.00   3  10  30   5  15 0.10 	   29    24     0     0     0	-nan	10000.00	10000.00	 +0.00%
1.00 1.00   3  10  30   5  15 0.10 	   29    24     0     0     0	-nan	10000.00	10000.00	 +0.00%
1.00 1.00   3  10  30   5  15 0.10 	   29    24     0     0     0	-nan	10000.00	10000.00	 +0.00%
1.00 1.00   3  10  30   5  15 0.10 	   29    24     0     0     0	-nan	10000.00	10000.00	 +0.00%
1.00 1.00   3  10  30   5  15 0.10 	   29    24   122    62    60	50.82	10000.00	 2840.62	-71.59%
1.00 1.00   3  10  30   5  15 0.10 	   29    24    65    35    30	53.85	10000.00	 3871.11	-61.29%
1.00 1.00   3  10  30   5  15 0.10 	   29    24     0     0     0	-nan	10000.00	10000.00	 +0.00%
1.00 1.00   3  10  30   5  15 0.10 	   29    24     0     0     0	-nan	10000.00	10000.00	 +0.00%
1.00 1.00   3  10  30   5  15 0.10 	   29    21     6     2     4	33.33	10000.00	 9108.17	 -8.92%
1.00 1.00   3  10  30   5  15 0.10 	   29    24   264   143   121	54.17	10000.00	 3632.36	-63.68%
1.00 1.00   3  10  30   5  15 0.10 	   29    24    16     5    11	31.25	10000.00	 7018.46	-29.82%
1.00 1.00   3  10  30   5  15 0.10 	   29    24   241   131   110	54.36	10000.00	11907.45	+19.07%
1.00 1.00   3  10  30   5  15 0.10 	   29    24    69    28    41	40.58	10000.00	 2213.29	-77.87%
1.00 1.00   3  10  30   5  15 0.10 	   29    24     0     0     0	-nan	10000.00	10000.00	 +0.00%
1.00 1.00   3  10  30   5  15 0.10 	   29    24    40    21    19	52.50	10000.00	 6724.63	-32.75%
1.00 1.00   3  10  30   5  15 0.10 	   29    24     5     1     4	20.00	10000.00	 8969.53	-10.30%
1.00 1.00   3  10  30   5  15 0.10 	   29    24   218   117   101	53.67	10000.00	 5324.26	-46.76%
1.00 1.00   3  10  30   5  15 0.10 	   29    24   197   102    95	51.78	10000.00	 5895.17	-41.05%
1.00 1.00   3  10  30   5  15 0.10 	   29    24     0     0     0	-nan	10000.00	10000.00	 +0.00%
1.00 1.00   3  10  30   5  15 0.10 	   29    24    10     3     7	30.00	10000.00	 7728.05	-22.72%
1.00 1.00   3  10  30   5  15 0.10 	   29    24   124    66    58	53.23	10000.00	 4374.00	-56.26%
1.00 1.00   3  10  30   5  15 0.10 	   29    24   261   135   126	51.72	10000.00	 4545.81	-54.54%
1.00 1.00   3  10  30   5  15 0.10 	   29    24    85    45    40	52.94	10000.00	 7145.81	-28.54%
1.00 1.00   3  10  30   5  15 0.10 	   29    24     0     0     0	-nan	10000.00	10000.00	 +0.00%
1.00 1.00   3  10  30   5  15 0.10 	   29    24     0     0     0	-nan	10000.00	10000.00	 +0.00%
1.00 1.00   3  10  30   5  15 0.10 	   29    24     0     0     0	-nan	10000.00	10000.00	 +0.00%
1.00 1.00   3  10  30   5  15 0.10 	   29    24     0     0     0	-nan	10000.00	10000.00	 +0.00%
1.00 1.00   3  10  30   5  15 0.10 	   29    23     0     0     0	-nan	10000.00	10000.00	 +0.00%
